G O : 0 0 4 2 9 9 5
G O : 0 0 9 8 7 9 3
G O : 0 0 9 8 7 9 4
G O : 0 0 4 5 2 0 2
G O : 0 0 3 0 4 2 4
G O : 0 0 0 5 7 3 0
G O : 0 0 3 0 8 4 9
G O : 0 0 0 0 8 0 5
G O : 0 0 0 0 8 0 6
G O : 0 0 3 0 8 4 9
G O : 0 0 0 5 7 3 7
G O : 0 0 0 5 8 4 4
G O : 0 0 0 0 8 0 6
G O : 0 0 3 0 8 4 9
G O : 0 0 0 5 6 3 4
G O : 0 0 0 5 7 3 7
G O : 0 0 0 5 7 3 7
G O : 0 0 0 5 7 3 7
G O : 0 0 0 5 8 4 4
G O : 0 0 4 2 5 7 1
G O : 0 0 4 2 5 7 1
G O : 0 0 4 2 5 7 1
G O : 0 0 4 2 5 7 1
G O : 0 0 4 2 5 7 1
G O : 0 0 0 5 7 3 9
G O : 0 0 0 5 8 4 4
G O : 0 0 0 5 7 3 7
G O : 0 0 0 5 7 3 9
G O : 0 0 0 5 8 4 4
G O : 0 0 0 5 8 4 4
G O : 0 0 0 5 7 3 9
G O : 0 0 0 5 8 4 4
G O : 0 0 0 5 8 4 4
G O : 0 0 0 5 8 4 4
G O : 0 0 0 5 8 4 4
G O : 0 0 0 5 6 3 4
G O : 0 0 0 5 8 3 2
G O : 0 0 0 5 8 3 2
G O : 0 0 0 5 6 3 4
G O : 0 0 0 5 7 3 7
G O : 0 0 0 5 8 4 4
G O : 0 0 4 2 5 7 1
G O : 0 0 4 2 5 7 1
G O : 0 0 4 2 5 7 1
G O : 0 0 4 2 5 7 1
G O : 0 0 4 2 5 7 1
G O : 0 0 4 2 5 7 1
G O : 0 0 4 2 5 7 1
G O : 0 0 4 2 5 7 1
G O : 0 0 0 5 6 3 4
G O : 0 0 0 5 7 3 9
G O : 0 0 1 9 0 3 5
G O : 0 0 3 0 0 9 6
G O : 0 0 0 5 7 3 7
G O : 0 0 3 0 0 9 6
G O : 0 0 3 0 0 9 6
G O : 0 0 0 5 7 3 7
G O : 0 0 3 1 0 1 2
G O : 0 0 1 9 0 3 5
G O : 0 0 0 5 7 3 7
G O : 0 0 0 5 6 3 4
G O : 0 0 0 5 6 3 4
G O : 0 0 0 5 6 3 4
G O : 0 0 0 9 9 8 6
G O : 0 0 0 5 7 3 7
G O : 0 0 0 5 5 7 6
G O : 0 0 0 9 9 8 6
G O : 0 0 0 5 5 7 6
G O : 0 0 0 5 6 2 2
G O : 0 0 1 9 0 3 5
G O : 0 0 1 9 0 3 5
G O : 0 0 0 9 9 8 6
G O : 0 0 4 2 5 7 1
G O : 0 0 0 5 6 3 4
G O : 0 0 0 5 6 3 4
G O : 0 0 4 2 5 7 1
G O : 0 0 4 2 5 7 1
G O : 0 0 0 5 5 7 6
G O : 0 0 1 9 0 3 5
G O : 0 0 3 0 0 9 6
G O : 0 0 3 0 0 9 6
G O : 0 0 0 5 6 3 4
G O : 0 0 0 5 6 3 4
G O : 0 0 0 5 6 3 4
G O : 0 0 0 5 6 3 4
G O : 0 0 4 2 5 7 1
G O : 0 0 4 2 5 7 1
G O : 0 0 4 2 5 7 1
G O : 0 0 4 2 5 7 1
G O : 0 0 4 2 5 7 1
G O : 0 0 0 5 5 7 6
G O : 0 0 4 2 5 7 1
G O : 0 0 4 2 5 7 1
G O : 0 0 4 2 5 7 1
G O : 0 0 4 2 5 7 1
G O : 0 0 4 2 5 7 1
G O : 0 0 4 2 5 7 1
G O : 0 0 4 2 5 7 1
G O : 0 0 4 2 5 7 1
G O : 0 0 4 2 5 7 1
G O : 0 0 4 2 5 7 1
G O : 0 0 4 2 5 7 1
G O : 0 0 4 2 5 7 1
G O : 0 0 4 2 5 7 1
G O : 0 0 4 2 5 7 1
G O : 0 0 0 5 6 3 4
G O : 0 0 0 5 6 3 4
G O : 0 0 0 0 7 8 5
G O : 0 0 0 5 7 3 0
G O : 0 0 0 5 7 3 7
G O : 0 0 4 2 5 7 1
G O : 0 0 4 2 5 7 1
G O : 0 0 0 5 8 8 6
G O : 0 0 0 5 8 8 6
G O : 0 0 0 5 6 3 4
G O : 0 0 0 5 6 3 4
G O : 0 0 4 2 5 7 1
G O : 0 0 0 5 7 3 7
G O : 0 0 0 5 8 8 6
G O : 0 0 0 5 7 3 7
G O : 0 0 4 2 5 7 1
G O : 0 0 4 2 5 7 1
G O : 0 0 4 2 5 7 1
G O : 0 0 4 2 5 7 1
G O : 0 0 4 2 5 7 1
G O : 0 0 4 2 5 7 1
G O : 0 0 4 2 5 7 1
G O : 0 0 4 2 5 7 1
G O : 0 0 4 2 5 7 1
G O : 0 0 4 2 5 7 1
G O : 0 0 0 5 6 3 4
G O : 0 0 4 2 5 7 1
G O : 0 0 0 5 8 8 6
G O : 0 0 4 2 5 7 1
G O : 0 0 4 2 5 7 1
G O : 0 0 0 5 7 3 7
G O : 0 0 0 5 8 7 4
G O : 0 0 0 0 8 0 5
G O : 0 0 0 5 8 7 4
G O : 0 0 0 5 8 5 6
G O : 0 0 0 9 5 2 1
G O : 0 0 0 0 3 4 3
G O : 0 0 0 0 3 4 3
G O : 0 0 0 5 8 7 4
G O : 0 0 0 5 6 3 4
G O : 0 0 0 5 7 3 7
G O : 0 0 0 5 8 1 5
G O : 0 0 0 5 8 7 4
G O : 0 0 0 5 8 7 4
G O : 0 0 0 5 8 7 4
G O : 0 0 0 5 8 7 4
G O : 0 0 3 2 9 9 1
G O : 0 0 0 5 8 7 4
G O : 0 0 0 5 8 7 4
G O : 0 0 0 0 8 0 5
G O : 0 0 3 0 8 4 9
G O : 0 0 0 0 8 0 5
G O : 0 0 0 0 8 0 5
G O : 0 0 3 2 9 9 1
G O : 0 0 0 5 8 7 4
G O : 0 0 0 5 8 7 4
G O : 0 0 0 5 8 7 4
G O : 0 0 0 9 5 2 1
G O : 0 0 0 0 3 4 3
G O : 0 0 0 5 8 7 4
G O : 0 0 0 1 5 2 7
G O : 0 0 0 0 3 4 3
G O : 0 0 0 0 3 4 3
G O : 0 0 0 5 8 7 4
G O : 0 0 0 5 8 7 4
G O : 0 0 0 9 5 2 1
G O : 0 0 0 0 3 4 3
G O : 0 0 0 5 8 7 4
G O : 0 0 4 2 5 7 1
G O : 0 0 4 2 5 7 1
G O : 0 0 7 1 7 3 5
G O : 0 0 1 9 8 1 4
G O : 0 0 4 2 5 7 1
G O : 0 0 4 2 5 7 1
G O : 0 0 0 0 8 0 5
G O : 0 0 4 2 5 7 1
G O : 0 0 4 2 5 7 1
G O : 0 0 4 2 5 7 1
G O : 0 0 4 2 5 7 1
G O : 0 0 4 2 5 7 1
G O : 0 0 0 5 8 7 4
G O : 0 0 4 2 5 7 1
G O : 0 0 0 5 6 3 4
G O : 0 0 0 5 7 3 7
G O : 0 0 0 5 6 3 4
G O : 0 0 0 5 7 3 7
G O : 0 0 0 5 7 3 7
G O : 0 0 0 5 8 7 4
G O : 0 0 0 5 7 3 7
G O : 0 0 0 5 8 7 4
G O : 0 0 0 5 8 1 2
G O : 0 0 0 5 7 3 7
G O : 0 0 0 5 8 7 4
G O : 0 0 0 5 7 3 7
G O : 0 0 0 1 5 2 7
G O : 0 0 0 1 5 2 7
G O : 0 0 0 5 8 7 4
G O : 0 0 0 5 6 3 4
G O : 0 0 0 5 8 7 4
G O : 0 0 0 5 8 7 4
G O : 0 0 4 2 5 7 1
G O : 0 0 0 5 8 7 4
G O : 0 0 4 2 5 7 1
G O : 0 0 0 5 8 7 4
G O : 0 0 4 2 5 7 1
G O : 0 0 4 2 5 7 1
G O : 0 0 0 5 8 7 4
G O : 0 0 0 5 8 7 4
G O : 0 0 0 5 8 1 5
G O : 0 0 9 7 4 3 1
G O : 0 0 0 5 8 7 4
G O : 0 0 0 1 5 2 7
G O : 0 0 0 5 8 7 4
G O : 0 0 0 5 8 7 4
G O : 0 0 0 5 8 7 4
G O : 0 0 0 5 8 1 1
G O : 0 0 0 1 5 2 7
G O : 0 0 4 2 5 7 1
G O : 0 0 0 5 8 7 4
G O : 0 0 0 5 8 7 4
G O : 0 0 0 5 8 7 4
G O : 0 0 0 5 8 7 4
G O : 0 0 0 5 8 1 5
G O : 0 0 7 2 6 8 6
G O : 0 0 0 5 8 7 4
G O : 0 0 0 5 8 7 4
G O : 0 0 0 1 5 2 7
G O : 0 0 0 5 8 7 4
G O : 0 0 0 5 8 7 4
G O : 0 0 0 1 5 2 7
G O : 0 0 0 5 8 7 4
G O : 0 0 0 5 8 7 4
G O : 0 0 0 5 8 7 4
G O : 0 0 4 2 5 7 1
G O : 0 0 0 5 8 7 4
G O : 0 0 4 2 5 7 1
G O : 0 0 0 5 8 7 4
G O : 0 0 0 5 8 7 4
G O : 0 0 0 1 5 2 7
G O : 0 0 0 5 8 7 4
G O : 0 0 0 5 8 7 4
G O : 0 0 0 5 8 7 4
G O : 0 0 0 5 6 3 4
G O : 0 0 0 5 8 7 4
G O : 0 0 0 5 7 3 7
G O : 0 0 0 5 8 7 4
G O : 0 0 0 5 8 7 4
G O : 0 0 9 7 4 8 6
G O : 0 0 0 5 8 7 4
G O : 0 0 0 5 8 7 4
G O : 0 0 0 5 8 7 4
G O : 0 0 0 5 6 3 4
G O : 0 0 3 0 4 2 8
G O : 0 0 0 5 8 1 5
G O : 0 0 0 1 5 2 7
G O : 0 0 0 5 8 7 4
G O : 0 0 0 5 8 7 4
G O : 0 0 0 5 8 7 4
G O : 0 0 0 5 8 7 4
G O : 0 0 0 5 8 7 4
G O : 0 0 7 2 6 8 6
G O : 0 0 0 5 8 7 4
G O : 0 0 3 2 9 9 1
G O : 0 0 7 2 6 8 6
G O : 0 0 0 0 9 2 2
G O : 0 0 0 5 6 3 4
G O : 0 0 0 5 7 3 7
G O : 0 0 0 5 6 3 4
G O : 0 0 0 5 8 7 4
G O : 0 0 0 5 8 7 4
G O : 0 0 0 5 8 7 4
G O : 0 0 0 5 8 7 4
G O : 0 0 0 5 8 7 4
G O : 0 0 0 5 8 7 4
G O : 0 0 0 5 8 7 4
G O : 0 0 0 0 3 4 3
G O : 0 0 0 1 5 2 7
G O : 0 0 0 5 8 7 4
G O : 0 0 4 2 5 7 1
G O : 0 0 4 2 5 7 1
G O : 0 0 4 2 5 7 1
G O : 0 0 3 2 9 9 1
G O : 0 0 4 2 5 7 1
G O : 0 0 4 2 5 7 1
G O : 0 0 4 2 5 7 1
G O : 0 0 4 2 5 7 1
G O : 0 0 4 2 5 7 1
G O : 0 0 7 1 7 3 5
G O : 0 0 4 2 5 7 1
G O : 0 0 4 2 5 7 1
G O : 0 0 4 2 5 7 1
G O : 0 0 4 2 5 7 1
G O : 0 0 4 2 5 7 1
G O : 0 0 4 2 5 7 1
G O : 0 0 4 2 5 7 1
G O : 0 0 4 2 5 7 1
G O : 0 0 4 2 5 7 1
G O : 0 0 0 5 8 7 4
G O : 0 0 0 5 8 2 9
G O : 0 0 0 5 8 7 4
G O : 0 0 0 5 6 3 4
G O : 0 0 4 2 5 7 1
G O : 0 0 0 5 8 7 4
G O : 0 0 4 2 5 7 1
G O : 0 0 0 5 6 3 4
G O : 0 0 0 5 7 3 7
G O : 0 0 0 5 7 3 7
G O : 0 0 0 5 6 3 4
G O : 0 0 0 5 7 3 7
G O : 0 0 0 5 7 3 7
G O : 0 0 0 5 6 3 4
G O : 0 0 0 5 7 3 7
G O : 0 0 0 5 6 3 4
G O : 0 0 0 5 7 3 7
G O : 0 0 4 2 5 7 1
G O : 0 0 0 5 6 3 4
G O : 0 0 0 5 6 3 4
G O : 0 0 0 5 6 3 4
G O : 0 0 0 5 6 3 4
G O : 0 0 0 5 7 3 7
G O : 0 0 0 5 7 3 7
G O : 0 0 4 2 5 7 1
G O : 0 0 4 2 5 7 1
G O : 0 0 0 5 6 3 4
G O : 0 0 0 5 7 3 7
G O : 0 0 4 2 5 7 1
G O : 0 0 0 5 6 3 4
G O : 0 0 0 5 6 3 4
G O : 0 0 0 5 6 3 4
G O : 0 0 4 2 5 7 1
G O : 0 0 4 2 5 7 1
G O : 0 0 4 2 5 7 1
G O : 0 0 4 2 5 7 1
G O : 0 0 4 2 5 7 1
G O : 0 0 4 2 5 7 1
G O : 0 0 4 2 5 7 1
G O : 0 0 4 2 5 7 1
G O : 0 0 4 2 5 7 1
G O : 0 0 4 2 5 7 1
G O : 0 0 4 2 5 7 1
G O : 0 0 4 2 5 7 1
G O : 0 0 4 2 5 7 1
G O : 0 0 4 2 5 7 1
G O : 0 0 4 2 5 7 1
G O : 0 0 0 5 6 2 2
G O : 0 0 0 5 6 3 4
G O : 0 0 4 2 5 7 1
G O : 0 0 4 2 5 7 1
G O : 0 0 4 2 5 7 1
G O : 0 0 4 2 5 7 1
G O : 0 0 4 2 5 7 1
G O : 0 0 4 2 5 7 1
G O : 0 0 7 1 7 3 5
G O : 0 0 7 1 7 5 4
G O : 0 0 4 2 5 7 1
G O : 0 0 0 5 6 3 4
G O : 0 0 0 5 6 3 4
G O : 0 0 0 5 6 3 4
G O : 0 0 0 5 7 3 7
G O : 0 0 4 2 5 7 1
G O : 0 0 4 2 5 7 1
G O : 0 0 0 5 7 3 9
G O : 0 0 0 5 7 3 9
G O : 0 0 0 5 7 3 9
G O : 0 0 0 5 7 3 9
G O : 0 0 0 5 7 3 9
G O : 0 0 0 5 7 3 9
G O : 0 0 0 5 6 3 4
G O : 0 0 0 5 7 3 9
G O : 0 0 0 5 7 3 9
G O : 0 0 0 5 7 3 9
G O : 0 0 0 5 6 3 4
G O : 0 0 0 5 6 3 4
G O : 0 0 0 5 6 3 4
G O : 0 0 0 9 2 4 8
G O : 0 0 4 2 5 7 1
G O : 0 0 4 2 5 7 1
G O : 0 0 4 2 5 7 1
G O : 0 0 0 5 5 7 6
G O : 0 0 0 0 7 8 5
G O : 0 0 0 5 7 4 1
G O : 0 0 3 2 9 9 1
G O : 0 0 3 2 9 9 1
G O : 0 0 0 5 7 3 9
G O : 0 0 4 2 5 7 1
G O : 0 0 4 2 5 7 1
G O : 0 0 0 5 7 4 1
G O : 0 0 0 5 6 3 4
G O : 0 0 0 0 7 8 6
G O : 0 0 0 0 7 8 5
G O : 0 0 3 3 0 9 5
G O : 0 0 4 3 2 2 6
G O : 0 0 0 5 6 3 4
G O : 0 0 0 5 6 3 4
G O : 0 0 0 5 6 3 4
G O : 0 0 0 0 7 8 5
G O : 0 0 0 5 6 3 4
G O : 0 0 0 5 6 3 5
G O : 0 0 0 5 6 3 4
G O : 0 0 3 3 0 9 5
G O : 0 0 0 0 7 8 5
G O : 0 0 0 5 6 3 4
G O : 0 0 0 5 6 3 4
G O : 0 0 0 5 6 3 4
G O : 0 0 0 0 7 8 5
G O : 0 0 0 5 6 3 4
G O : 0 0 7 2 6 8 6
G O : 0 0 0 5 6 3 4
G O : 0 0 0 5 6 3 4
G O : 0 0 0 5 6 3 4
G O : 0 0 0 5 6 3 4
G O : 0 0 0 5 6 3 4
G O : 0 0 0 5 6 3 4
G O : 0 0 0 0 7 8 5
G O : 0 0 0 0 7 8 5
G O : 0 0 0 5 6 3 4
G O : 0 0 0 5 6 3 4
G O : 0 0 0 5 6 3 4
G O : 0 0 0 5 6 3 4
G O : 0 0 0 5 6 3 4
G O : 0 0 0 5 6 3 4
G O : 0 0 0 5 6 3 4
G O : 0 0 0 5 6 3 4
G O : 0 0 0 5 6 3 4
G O : 0 0 0 5 6 3 4
G O : 0 0 0 5 6 3 4
G O : 0 0 0 5 6 3 4
G O : 0 0 0 5 6 3 4
G O : 0 0 0 5 7 3 7
G O : 0 0 0 5 6 3 4
G O : 0 0 0 5 6 3 4
G O : 0 0 0 0 7 8 5
G O : 0 0 0 0 7 8 5
G O : 0 0 0 5 6 3 4
G O : 0 0 0 5 7 3 7
G O : 0 0 0 5 6 3 4
G O : 0 0 0 5 8 4 0
G O : 0 0 0 5 6 3 4
G O : 0 0 4 5 2 0 2
G O : 0 0 4 5 2 0 2
G O : 0 0 4 2 5 7 1
G O : 0 0 4 5 2 0 2
G O : 0 0 4 5 2 0 2
G O : 0 0 4 5 2 0 2
G O : 0 0 4 5 2 0 2
G O : 0 0 4 2 5 7 1
G O : 0 0 4 5 2 0 2
G O : 0 0 4 5 2 0 2
G O : 0 0 4 5 2 0 2
G O : 0 0 4 2 5 7 1
G O : 0 0 4 2 5 7 1
G O : 0 0 4 2 5 7 1
G O : 0 0 4 2 5 7 1
G O : 0 0 4 2 5 7 1
G O : 0 0 4 2 5 7 1
G O : 0 0 4 2 5 7 1
G O : 0 0 4 2 5 7 1
G O : 0 0 4 2 5 7 1
G O : 0 0 0 5 7 3 7
G O : 0 0 4 2 5 7 1
G O : 0 0 4 2 5 7 1
G O : 0 0 4 2 5 7 1
G O : 0 0 0 5 6 3 4
G O : 0 0 0 5 8 4 0
G O : 0 0 4 2 5 7 1
G O : 0 0 4 2 5 7 1
G O : 0 0 4 2 5 7 1
G O : 0 0 4 2 5 7 1
G O : 0 0 4 2 5 7 1
G O : 0 0 4 2 5 7 1
G O : 0 0 4 5 1 2 0
G O : 0 0 4 2 5 7 1
G O : 0 0 4 2 5 7 1
G O : 0 0 4 2 5 7 1
G O : 0 0 4 2 5 7 1
G O : 0 0 4 2 5 7 1
G O : 0 0 4 2 5 7 1
G O : 0 0 4 2 5 7 1
G O : 0 0 4 2 5 7 1
G O : 0 0 4 2 5 7 1
G O : 0 0 4 2 5 7 1
G O : 0 0 4 2 5 7 1
G O : 0 0 0 5 6 3 4
G O : 0 0 4 2 5 7 1
G O : 0 0 4 2 5 7 1
G O : 0 0 0 5 7 3 7
G O : 0 0 4 2 5 7 1
G O : 0 0 0 5 6 3 4
G O : 0 0 4 2 5 7 1
G O : 0 0 0 5 6 3 4
G O : 0 0 4 2 5 7 1
G O : 0 0 0 5 8 4 0
G O : 0 0 4 2 5 7 1
G O : 0 0 4 2 5 7 1
G O : 0 0 4 2 5 7 1
G O : 0 0 4 2 5 7 1
G O : 0 0 0 5 6 5 4
G O : 0 0 7 1 1 5 9
G O : 0 0 0 5 8 8 6
G O : 0 0 3 0 4 2 5
G O : 0 0 7 1 1 5 9
G O : 0 0 0 5 6 2 2
G O : 0 0 7 1 1 5 9
G O : 0 0 7 1 1 5 9
G O : 0 0 7 1 1 5 9
G O : 0 0 0 5 6 3 4
G O : 0 0 0 5 6 3 4
G O : 0 0 0 5 6 3 4
G O : 0 0 0 5 6 3 5
G O : 0 0 0 5 7 3 7
G O : 0 0 0 5 7 3 7
G O : 0 0 0 5 7 3 7
G O : 0 0 0 5 6 3 4
G O : 0 0 0 5 6 3 4
G O : 0 0 4 2 5 7 1
G O : 0 0 4 2 5 7 1
G O : 0 0 4 2 5 7 1
G O : 0 0 0 0 8 0 5
G O : 0 0 4 2 5 7 1
G O : 0 0 0 5 6 3 4
G O : 0 0 0 5 7 3 0
G O : 0 0 1 6 6 0 7
G O : 0 0 0 5 7 3 7
G O : 0 0 0 5 7 3 7
G O : 0 0 0 5 6 3 4
G O : 0 0 0 5 6 3 4
G O : 0 0 1 6 6 0 7
G O : 0 0 0 5 6 3 4
G O : 0 0 0 5 7 3 7
G O : 0 0 0 5 6 3 4
G O : 0 0 0 5 7 3 7
G O : 0 0 0 5 6 3 4
G O : 0 0 0 5 6 3 4
G O : 0 0 0 5 7 3 7
G O : 0 0 0 5 6 3 4
G O : 0 0 0 5 6 3 4
G O : 0 0 0 5 7 3 7
G O : 0 0 0 5 6 3 4
G O : 0 0 0 5 6 3 4
G O : 0 0 0 5 6 3 4
G O : 0 0 0 5 7 3 7
G O : 0 0 0 5 6 3 4
G O : 0 0 0 5 6 3 4
G O : 0 0 0 5 7 3 7
G O : 0 0 0 5 6 3 5
G O : 0 0 0 5 6 3 5
G O : 0 0 0 5 7 3 7
G O : 0 0 3 4 3 9 9
G O : 0 0 0 5 6 3 4
G O : 0 0 1 6 6 0 7
G O : 0 0 1 6 6 0 7
G O : 0 0 0 5 6 3 5
G O : 0 0 1 6 6 0 7
G O : 0 0 0 5 6 3 4
G O : 0 0 1 6 6 0 7
G O : 0 0 1 6 6 0 7
G O : 0 0 1 6 6 0 7
G O : 0 0 0 5 6 5 4
G O : 0 0 0 5 6 4 3
G O : 0 0 0 5 6 4 3
G O : 0 0 0 5 6 3 4
G O : 0 0 0 5 7 3 7
G O : 0 0 0 5 6 3 4
G O : 1 9 9 0 1 2 4
G O : 0 0 0 5 6 3 4
G O : 0 0 0 5 6 3 4
G O : 0 0 0 5 6 3 4
G O : 0 0 0 5 6 4 3
G O : 0 0 0 5 7 3 7
G O : 0 0 0 5 6 3 4
G O : 0 0 4 2 5 7 1
G O : 0 0 4 2 5 7 1
G O : 0 0 0 5 6 3 4
G O : 0 0 0 5 6 3 5
G O : 0 0 0 5 6 3 4
G O : 0 0 0 5 6 4 3
G O : 0 0 0 5 6 3 4
G O : 0 0 0 5 7 3 7
G O : 0 0 0 5 6 3 5
G O : 0 0 0 5 6 5 4
G O : 0 0 0 5 6 3 4
G O : 0 0 0 5 7 3 7
G O : 0 0 0 5 6 3 4
G O : 0 0 0 5 6 3 4
G O : 0 0 0 5 7 3 7
G O : 0 0 0 5 6 3 4
G O : 0 0 0 5 6 3 5
G O : 0 0 0 5 6 3 4
G O : 0 0 0 5 6 4 3
G O : 0 0 0 5 6 3 4
G O : 0 0 0 5 6 3 4
G O : 0 0 0 5 7 3 7
G O : 0 0 0 5 6 3 4
G O : 0 0 0 5 6 3 4
G O : 0 0 0 5 7 3 7
G O : 0 0 0 5 6 3 4
G O : 0 0 0 5 6 3 4
G O : 0 0 0 5 6 3 4
G O : 0 0 0 5 7 3 7
G O : 0 0 0 5 7 3 7
G O : 0 0 0 5 6 3 5
G O : 0 0 0 5 6 3 4
G O : 0 0 0 5 6 3 4
G O : 0 0 0 5 7 3 7
G O : 0 0 0 5 7 3 7
G O : 0 0 0 5 6 3 4
G O : 0 0 4 2 5 7 1
G O : 0 0 4 2 5 7 1
G O : 0 0 4 3 0 3 6
G O : 0 0 4 2 5 7 1
G O : 0 0 4 2 5 7 1
G O : 0 0 4 2 5 7 1
G O : 0 0 4 2 5 7 1
G O : 0 0 3 2 9 9 1
G O : 0 0 0 5 6 3 4
G O : 0 0 0 5 6 3 4
G O : 0 0 4 2 5 7 1
G O : 0 0 0 5 7 8 9
G O : 0 0 3 3 0 9 8
G O : 0 0 0 5 7 8 9
G O : 0 0 1 9 8 1 4
G O : 0 0 0 9 9 8 6
G O : 0 0 3 3 0 9 8
G O : 0 0 3 2 9 9 1
G O : 0 0 1 6 0 2 0
G O : 0 0 3 3 0 9 8
G O : 0 0 1 6 3 2 4
G O : 0 0 0 9 9 8 6
G O : 0 0 1 6 0 2 0
G O : 0 0 4 2 5 7 1
G O : 0 0 4 2 5 7 1
G O : 0 0 1 6 3 2 4
G O : 0 0 0 9 9 8 6
G O : 0 0 1 6 3 2 4
G O : 0 0 4 2 9 9 5
G O : 0 0 0 5 9 0 2
G O : 0 0 0 5 9 2 9
G O : 0 0 0 9 9 8 6
G O : 0 0 1 6 3 2 4
G O : 0 0 0 5 7 7 3
G O : 0 0 1 6 3 2 4
G O : 0 0 0 9 9 8 6
G O : 0 0 0 9 9 8 6
G O : 0 0 3 2 9 9 1
G O : 0 0 3 2 9 9 1
G O : 0 0 1 6 0 2 0
G O : 0 0 1 6 3 2 4
G O : 0 0 3 2 9 9 1
G O : 0 0 1 6 3 2 4
G O : 0 0 1 9 8 1 4
G O : 0 0 3 2 9 9 1
G O : 0 0 1 6 3 2 4
G O : 0 0 3 1 9 8 2
G O : 0 0 0 5 7 9 1
G O : 0 0 0 5 8 0 3
G O : 0 0 1 6 3 2 4
G O : 0 0 3 2 9 9 1
G O : 0 0 1 6 0 2 0
G O : 0 0 0 5 7 3 7
G O : 0 0 1 6 3 2 4
G O : 0 0 0 9 9 8 6
G O : 0 0 0 5 6 2 2
G O : 0 0 1 6 3 2 4
G O : 0 0 3 2 9 9 1
G O : 0 0 4 2 5 7 1
G O : 0 0 4 2 5 7 1
G O : 0 0 0 5 7 3 7
G O : 0 0 4 2 5 7 1
G O : 0 0 4 2 5 7 1
G O : 0 0 0 5 8 4 0
G O : 0 0 4 5 1 2 0
G O : 0 0 1 8 9 9 5
G O : 0 0 4 2 5 7 1
G O : 0 0 4 2 5 7 1
G O : 0 0 1 6 0 2 0
G O : 0 0 4 5 1 2 0
G O : 0 0 4 5 1 2 0
G O : 0 0 4 5 1 2 0
G O : 0 0 4 2 5 7 1
G O : 0 0 4 2 5 7 1
G O : 0 0 7 1 7 3 5
G O : 0 0 4 2 5 7 1
G O : 0 0 4 2 5 7 1
G O : 0 0 0 5 9 2 1
G O : 0 0 0 0 8 0 5
G O : 0 0 0 0 8 0 5
G O : 0 0 0 5 9 2 1
G O : 0 0 0 0 8 0 5
G O : 0 0 0 0 8 0 5
G O : 0 0 0 0 8 0 5
G O : 0 0 1 5 6 2 9
G O : 0 0 0 5 9 2 1
G O : 0 0 0 5 9 2 1
G O : 0 0 1 6 0 2 0
G O : 0 0 4 5 1 0 1
G O : 0 0 0 0 8 0 5
G O : 0 0 4 5 1 0 1
G O : 0 0 0 5 7 3 7
G O : 0 0 0 9 9 8 6
G O : 0 0 4 5 1 0 1
G O : 0 0 4 3 0 2 5
G O : 0 0 4 5 1 0 1
G O : 0 0 4 5 1 0 1
G O : 0 0 4 2 5 7 1
G O : 0 0 4 5 1 0 1
G O : 0 0 4 5 1 0 1
G O : 0 0 4 3 6 5 6
G O : 0 0 0 5 5 7 6
G O : 0 0 7 1 7 3 5
G O : 0 0 4 2 5 7 1
G O : 0 0 0 5 5 7 6
G O : 0 0 7 1 7 3 5
G O : 0 0 0 5 6 2 2
G O : 0 0 0 5 6 2 2
G O : 0 0 0 5 7 3 7
G O : 0 0 0 9 9 8 6
G O : 0 0 0 5 9 2 1
G O : 0 0 0 5 7 3 7
G O : 0 0 3 2 9 9 1
G O : 0 0 3 2 9 9 1
G O : 0 0 0 9 9 8 6
G O : 0 0 0 5 8 8 6
G O : 0 0 3 2 9 9 1
G O : 0 0 0 9 9 8 6
G O : 0 0 0 5 7 3 7
G O : 0 0 4 6 5 8 1
G O : 0 0 0 5 9 1 1
G O : 0 0 4 2 5 7 1
G O : 0 0 0 5 5 7 6
G O : 0 0 1 5 6 2 9
G O : 0 0 4 5 1 0 1
G O : 0 0 0 5 9 2 1
G O : 0 0 4 2 5 7 1
G O : 0 0 3 2 9 9 1
G O : 0 0 4 2 5 7 1
G O : 0 0 4 2 5 7 1
G O : 0 0 4 2 5 7 1
G O : 0 0 4 2 5 7 1
G O : 0 0 4 2 5 7 1
G O : 0 0 4 2 5 7 1
G O : 0 0 4 2 5 7 1
G O : 0 0 4 2 5 7 1
G O : 0 0 4 2 5 7 1
G O : 0 0 4 2 5 7 1
G O : 0 0 0 5 9 2 1
G O : 0 0 4 5 1 0 1
G O : 0 0 0 5 9 2 1
G O : 0 0 4 6 5 8 1
G O : 0 0 3 2 9 9 1
G O : 0 0 3 2 9 9 1
G O : 0 0 3 2 9 9 1
G O : 0 0 0 5 6 3 4
G O : 0 0 0 5 9 2 1
G O : 0 0 0 5 9 1 2
G O : 0 0 0 5 9 2 1
G O : 0 0 0 5 9 1 2
G O : 0 0 9 7 5 4 2
G O : 0 0 9 7 5 4 2
G O : 0 0 9 7 5 4 2
G O : 0 0 9 7 5 4 2
G O : 0 0 4 2 5 7 1
G O : 0 0 0 9 9 8 6
G O : 0 0 3 1 5 1 2
G O : 0 0 0 5 6 3 4
G O : 0 0 0 5 6 3 4
G O : 0 0 0 5 6 3 4
G O : 0 0 0 5 6 3 4
G O : 0 0 7 1 1 5 9
G O : 0 0 7 1 1 5 9
G O : 0 0 7 1 1 5 9
G O : 0 0 4 2 5 7 1
G O : 0 0 4 2 5 7 1
G O : 0 0 3 1 5 1 2
G O : 0 0 4 2 5 7 1
G O : 0 0 7 1 1 5 9
G O : 0 0 0 5 8 4 0
G O : 0 0 1 6 0 2 0
G O : 0 0 0 5 7 3 7
G O : 0 0 0 5 6 3 4
G O : 0 0 0 5 6 3 4
G O : 0 0 0 5 7 3 7
G O : 0 0 7 1 1 5 9
G O : 0 0 4 2 5 7 1
G O : 0 0 4 2 5 7 1
G O : 0 0 0 5 6 3 4
G O : 0 0 4 2 5 7 1
G O : 0 0 4 2 5 7 1
G O : 0 0 3 2 9 9 1
G O : 0 0 4 2 5 7 1
G O : 0 0 7 1 1 5 9
G O : 0 0 7 1 1 5 9
G O : 0 0 7 1 1 5 9
G O : 0 0 7 1 1 5 9
G O : 0 0 7 1 1 5 9
G O : 0 0 7 1 1 5 9
G O : 0 0 7 1 1 5 9
G O : 0 0 7 1 1 5 9
G O : 0 0 7 1 1 5 9
G O : 0 0 7 1 1 5 9
G O : 0 0 7 1 1 5 9
G O : 0 0 7 1 1 5 9
G O : 0 0 7 1 1 5 9
G O : 0 0 7 1 1 5 9
G O : 0 0 7 1 1 5 9
G O : 0 0 7 1 1 5 9
G O : 0 0 0 5 6 3 4
G O : 0 0 7 1 1 5 9
G O : 0 0 7 1 1 5 9
G O : 0 0 0 5 6 3 4
G O : 0 0 7 1 1 5 9
G O : 0 0 0 5 6 3 4
G O : 0 0 7 1 1 5 9
G O : 0 0 7 2 3 7 2
G O : 0 0 0 5 8 1 3
G O : 0 0 9 7 5 4 2
G O : 0 0 0 5 9 2 9
G O : 0 0 0 5 9 2 9
G O : 0 0 0 5 9 2 9
G O : 0 0 0 5 9 2 9
G O : 0 0 0 5 9 2 9
G O : 0 0 4 3 0 7 5
G O : 0 0 7 2 3 7 2
G O : 0 0 4 4 2 9 7
G O : 0 0 0 5 5 7 6
G O : 0 0 4 3 0 7 5
G O : 0 0 0 5 9 2 9
G O : 0 0 0 5 9 2 9
G O : 0 0 0 5 9 2 9
G O : 0 0 0 5 9 2 9
G O : 0 0 3 0 8 4 9
G O : 0 0 7 2 3 7 2
G O : 0 0 4 3 2 2 6
G O : 0 0 1 6 0 2 0
G O : 0 0 0 5 8 8 6
G O : 0 0 0 5 9 2 9
G O : 0 0 1 6 3 2 4
G O : 0 0 0 9 4 1 9
G O : 0 0 0 5 8 7 4
G O : 0 0 3 2 9 9 1
G O : 0 0 0 5 9 2 9
G O : 0 0 3 1 5 1 3
G O : 0 0 0 5 8 7 4
G O : 0 0 0 5 9 3 0
G O : 0 0 3 1 5 1 4
G O : 0 0 0 5 8 7 4
G O : 0 0 7 2 3 7 2
G O : 0 0 0 5 5 7 6
G O : 0 0 3 0 0 9 6
G O : 0 0 4 3 0 7 5
G O : 0 0 4 3 0 7 5
G O : 0 0 3 0 8 4 9
G O : 0 0 4 3 0 7 5
G O : 0 0 0 5 9 2 9
G O : 0 0 3 0 8 4 9
G O : 0 0 9 7 5 4 2
G O : 0 0 9 7 5 4 2
G O : 0 0 4 3 0 7 5
G O : 0 0 0 5 8 1 3
G O : 0 0 9 7 5 4 2
G O : 0 0 0 5 7 3 7
G O : 0 0 0 5 9 3 0
G O : 0 0 9 7 2 2 6
G O : 0 0 9 7 5 4 2
G O : 0 0 3 0 9 3 3
G O : 0 0 4 3 0 7 5
G O : 0 0 0 5 9 2 9
G O : 0 0 0 5 9 2 9
G O : 0 0 0 5 9 2 9
G O : 0 0 9 7 5 4 2
G O : 0 0 0 5 9 2 9
G O : 0 0 0 5 9 2 9
G O : 0 0 0 5 9 2 9
G O : 0 0 4 4 8 5 0
G O : 0 0 0 9 9 8 6
G O : 0 0 4 2 5 7 1
G O : 0 0 0 5 9 2 9
G O : 0 0 0 5 9 2 9
G O : 0 0 0 5 9 3 0
G O : 0 0 0 9 4 2 5
G O : 0 0 4 2 5 7 1
G O : 0 0 9 7 5 4 2
G O : 0 0 9 7 5 4 2
G O : 0 0 0 5 9 2 9
G O : 0 0 0 5 9 2 9
G O : 0 0 0 5 8 1 3
G O : 0 0 4 3 2 1 8
G O : 0 0 0 5 9 2 9
G O : 0 0 0 5 9 2 9
G O : 0 0 0 5 9 2 9
G O : 0 0 0 5 6 2 2
G O : 0 0 0 9 9 8 6
G O : 0 0 0 5 9 2 9
G O : 0 0 0 5 9 2 9
G O : 0 0 0 5 9 2 9
G O : 0 0 0 5 9 2 9
G O : 0 0 0 5 8 8 6
G O : 0 0 0 5 9 2 9
G O : 0 0 0 5 9 2 9
G O : 0 0 0 5 9 2 9
G O : 0 0 0 5 9 2 9
G O : 0 0 0 9 4 2 5
G O : 0 0 4 3 0 7 5
G O : 0 0 0 5 9 2 9
G O : 0 0 4 3 0 7 5
G O : 0 0 0 5 9 2 9
G O : 0 0 4 3 0 7 5
G O : 0 0 0 5 9 2 9
G O : 0 0 4 2 5 7 1
G O : 0 0 4 3 0 7 5
G O : 0 0 9 7 5 4 2
G O : 0 0 9 7 5 4 2
G O : 0 0 0 5 9 2 9
G O : 0 0 0 5 9 2 9
G O : 0 0 0 5 8 1 3
G O : 0 0 3 6 0 6 4
G O : 0 0 4 2 5 7 1
G O : 0 0 0 5 9 2 9
G O : 0 0 9 7 2 2 6
G O : 0 0 0 5 9 2 9
G O : 0 0 3 0 1 3 3
G O : 0 0 0 5 9 2 9
G O : 0 0 0 5 9 2 9
G O : 0 0 0 5 9 2 9
G O : 0 0 0 5 9 2 9
G O : 0 0 9 7 5 4 2
G O : 0 0 9 7 5 4 2
G O : 0 0 0 5 9 2 9
G O : 0 0 0 5 9 2 9
G O : 0 0 0 5 9 2 9
G O : 0 0 9 7 5 4 2
G O : 0 0 4 2 5 7 1
G O : 0 0 9 7 5 4 2
G O : 0 0 0 5 9 2 9
G O : 0 0 7 2 3 7 2
G O : 0 0 0 5 6 2 2
G O : 0 0 4 3 0 7 5
G O : 0 0 7 2 3 7 2
G O : 0 0 0 5 9 2 9
G O : 0 0 0 5 6 2 2
G O : 0 0 0 5 9 2 9
G O : 0 0 3 0 0 9 6
G O : 0 0 0 5 9 2 9
G O : 0 0 9 7 5 4 2
G O : 0 0 0 5 9 2 9
G O : 0 0 4 3 0 7 5
G O : 0 0 0 5 9 2 9
G O : 0 0 0 9 4 2 4
G O : 0 0 0 5 9 2 9
G O : 0 0 0 5 7 3 7
G O : 0 0 0 5 9 2 9
G O : 0 0 0 5 9 2 9
G O : 0 0 0 5 7 3 7
G O : 0 0 9 7 5 4 2
G O : 0 0 0 5 9 2 9
G O : 0 0 0 5 9 2 9
G O : 0 0 0 5 9 2 9
G O : 0 0 0 5 9 2 9
G O : 0 0 9 7 5 4 2
G O : 0 0 0 5 9 2 9
G O : 0 0 0 5 9 2 9
G O : 0 0 0 5 9 2 9
G O : 0 0 0 5 9 2 9
G O : 0 0 0 5 9 2 9
G O : 0 0 0 5 9 2 9
G O : 0 0 0 5 9 2 9
G O : 0 0 0 5 9 2 9
G O : 0 0 4 2 5 7 1
G O : 0 0 4 2 5 7 1
G O : 0 0 4 2 5 7 1
G O : 0 0 4 2 5 7 1
G O : 0 0 0 5 9 2 9
G O : 0 0 0 5 9 2 9
G O : 0 0 0 5 9 2 9
G O : 0 0 4 2 5 7 1
G O : 0 0 3 0 8 4 9
G O : 0 0 3 0 8 4 9
G O : 0 0 7 2 3 7 2
G O : 0 0 0 5 9 2 9
G O : 0 0 0 5 9 3 0
G O : 0 0 0 5 9 2 9
G O : 0 0 0 5 9 2 9
G O : 0 0 0 5 9 2 9
G O : 0 0 0 5 9 2 9
G O : 0 0 0 5 6 3 4
G O : 0 0 0 5 9 2 9
G O : 0 0 0 5 9 2 9
G O : 0 0 0 5 8 2 9
G O : 0 0 0 5 9 2 9
G O : 0 0 4 3 0 7 5
G O : 0 0 4 2 5 7 1
G O : 0 0 3 6 0 6 4
G O : 0 0 9 7 5 4 2
G O : 0 0 0 9 4 2 5
G O : 0 0 4 3 0 7 5
G O : 0 0 0 5 9 2 9
G O : 0 0 9 7 2 2 6
G O : 0 0 0 5 6 3 4
G O : 0 0 4 4 2 9 7
G O : 0 0 0 5 6 3 4
G O : 0 0 0 1 9 1 7
G O : 0 0 0 1 9 1 7
G O : 0 0 0 1 7 5 0
G O : 0 0 0 1 7 5 0
G O : 0 0 0 5 9 2 9
G O : 0 0 0 5 9 2 9
G O : 0 0 0 5 9 2 9
G O : 0 0 0 5 6 3 4
G O : 0 0 0 5 9 2 9
G O : 0 0 0 5 9 2 9
G O : 0 0 0 5 7 7 7
G O : 0 0 0 5 7 7 7
G O : 0 0 0 5 6 3 4
G O : 0 0 0 5 7 7 7
G O : 0 0 0 5 5 7 6
G O : 0 0 4 4 4 2 9
G O : 0 0 4 5 2 5 1
G O : 0 0 0 5 5 7 6
G O : 0 0 4 2 5 7 1
G O : 0 0 0 5 7 7 7
G O : 0 0 0 5 7 7 7
G O : 0 0 3 3 1 6 5
G O : 0 0 9 7 4 4 9
G O : 0 0 0 5 6 4 9
G O : 0 0 3 3 1 6 5
G O : 0 0 3 3 1 6 5
G O : 0 0 1 6 0 2 0
G O : 0 0 3 3 1 6 5
G O : 0 0 4 3 0 7 9
G O : 0 0 1 6 0 2 0
G O : 0 0 4 5 1 7 7
G O : 0 0 0 5 6 4 7
G O : 0 0 0 5 6 2 2
G O : 0 0 0 5 6 4 7
G O : 0 0 0 5 6 4 7
G O : 0 0 0 5 6 4 7
G O : 0 0 0 5 6 2 2
G O : 0 0 0 5 6 4 2
G O : 0 0 0 5 6 4 7
G O : 0 0 3 3 1 6 5
G O : 0 0 0 5 6 4 7
G O : 0 0 3 3 1 6 5
G O : 0 0 0 5 6 4 7
G O : 0 0 3 3 1 6 5
G O : 0 0 0 5 6 4 2
G O : 0 0 3 3 1 6 5
G O : 0 0 0 5 6 4 7
G O : 0 0 0 5 6 4 7
G O : 0 0 3 3 1 6 5
G O : 0 0 3 3 1 6 5
G O : 0 0 0 5 6 4 7
G O : 0 0 3 3 1 6 5
G O : 0 0 3 3 1 6 5
G O : 0 0 0 5 6 4 2
G O : 0 0 0 5 6 4 2
G O : 0 0 0 5 6 4 2
G O : 0 0 0 5 6 4 2
G O : 0 0 0 5 6 4 7
G O : 0 0 0 5 6 4 7
G O : 0 0 3 3 1 6 5
G O : 0 0 0 5 6 4 2
G O : 0 0 0 5 6 4 2
G O : 0 0 0 5 6 4 7
G O : 0 0 0 5 6 4 2
G O : 0 0 0 5 6 4 7
G O : 0 0 3 3 1 6 5
G O : 0 0 1 6 0 2 0
G O : 0 0 1 6 0 2 0
G O : 0 0 0 5 6 4 2
G O : 0 0 0 5 6 4 2
G O : 0 0 3 1 9 8 2
G O : 0 0 4 2 5 8 7
G O : 0 0 0 5 8 8 6
G O : 0 0 1 6 0 2 0
G O : 0 0 0 5 6 4 2
G O : 0 0 0 5 6 4 7
G O : 0 0 0 5 6 4 7
G O : 0 0 3 3 1 6 5
G O : 0 0 3 3 1 6 5
G O : 0 0 3 3 1 6 5
G O : 0 0 0 5 6 4 7
G O : 0 0 3 3 1 6 5
G O : 0 0 0 5 6 4 7
G O : 0 0 0 5 6 4 2
G O : 0 0 3 3 1 6 5
G O : 0 0 1 6 0 2 0
G O : 0 0 1 6 0 2 0
G O : 0 0 0 5 8 8 6
G O : 0 0 3 3 1 6 5
G O : 0 0 3 3 1 6 5
G O : 0 0 3 3 1 6 5
G O : 0 0 3 3 1 6 5
G O : 0 0 3 3 1 6 5
G O : 0 0 0 5 6 4 7
G O : 0 0 0 5 6 2 2
G O : 0 0 3 3 1 6 5
G O : 0 0 3 3 1 6 5
G O : 0 0 3 3 1 6 5
G O : 0 0 3 3 1 6 5
G O : 0 0 3 3 1 6 5
G O : 0 0 0 5 6 4 7
G O : 0 0 0 5 6 4 7
G O : 0 0 0 5 8 8 6
G O : 0 0 0 5 6 4 7
G O : 0 0 3 3 1 6 5
G O : 0 0 3 3 1 6 5
G O : 0 0 0 5 6 2 2
G O : 0 0 0 5 6 4 7
G O : 0 0 0 5 6 2 2
G O : 0 0 0 5 6 2 2
G O : 0 0 0 5 5 7 6
G O : 0 0 0 5 5 7 6
G O : 0 0 0 5 6 4 2
G O : 0 0 0 5 6 2 2
G O : 0 0 3 3 1 6 5
G O : 0 0 0 5 6 2 2
G O : 0 0 0 5 6 2 2
G O : 0 0 3 3 1 6 5
G O : 0 0 3 3 1 6 5
G O : 0 0 0 5 6 2 2
G O : 0 0 3 3 1 6 5
G O : 0 0 3 3 1 6 5
G O : 0 0 0 5 6 2 2
G O : 0 0 3 3 1 6 5
G O : 0 0 3 3 1 6 5
G O : 0 0 3 3 1 6 5
G O : 0 0 3 3 1 6 5
G O : 0 0 3 3 1 6 5
G O : 0 0 3 3 1 6 5
G O : 0 0 1 8 9 9 5
G O : 0 0 7 0 0 2 3
G O : 0 0 1 8 9 9 5
G O : 0 0 0 5 6 1 8
G O : 0 0 7 1 1 5 9
G O : 0 0 1 8 9 9 5
G O : 0 0 1 8 9 9 5
G O : 0 0 0 5 8 8 3
G O : 0 0 4 2 5 7 1
G O : 0 0 3 0 4 2 5
G O : 0 0 4 3 5 1 4
G O : 0 0 4 3 5 1 4
G O : 0 0 4 3 5 1 4
G O : 0 0 1 8 9 9 5
G O : 0 0 3 0 4 2 5
G O : 0 0 1 6 0 2 0
G O : 0 0 1 6 3 2 4
G O : 0 0 4 2 5 7 1
G O : 0 0 4 2 5 7 1
G O : 0 0 1 9 8 6 7
G O : 0 0 0 5 6 2 2
G O : 0 0 4 3 5 1 4
G O : 0 0 4 2 5 7 1
G O : 0 0 4 2 5 7 1
G O : 0 0 4 2 5 7 1
G O : 0 0 4 2 5 7 1
G O : 0 0 4 2 5 7 1
G O : 0 0 4 2 5 7 1
G O : 0 0 3 0 4 2 5
G O : 0 0 3 0 4 2 5
G O : 0 0 4 2 5 7 1
G O : 0 0 4 2 5 7 1
G O : 0 0 4 2 5 7 1
G O : 0 0 4 3 5 1 4
G O : 0 0 4 5 2 0 2
G O : 0 0 4 5 2 0 2
G O : 0 0 4 5 2 0 2
G O : 0 0 4 5 2 0 2
G O : 0 0 4 5 2 0 2
G O : 0 0 9 8 7 9 3
G O : 0 0 4 5 2 0 2
G O : 0 0 4 5 2 0 2
G O : 0 0 4 5 1 2 0
G O : 0 0 4 2 5 7 1
G O : 0 0 4 2 5 7 1
G O : 0 0 4 2 5 7 1
G O : 0 0 4 2 5 7 1
G O : 0 0 4 2 5 7 1
G O : 0 0 4 2 5 7 1
G O : 0 0 4 2 5 7 1
G O : 0 0 4 2 5 7 1
