G O : 0 0 0 5 5 6 7
G O : 0 0 4 4 4 4 6
G O : 0 0 0 0 9 2 4
G O : 0 0 7 1 7 6 1
G O : 0 0 3 4 9 7 4
G O : 0 0 3 0 4 9 6
G O : 0 0 7 0 1 8 8
G O : 1 9 9 0 5 7 2
G O : 0 0 4 4 1 5 6
G O : 0 0 7 0 1 8 8
G O : 0 0 9 8 5 8 5
G O : 0 0 3 9 6 5 8
G O : 0 0 4 4 1 5 6
G O : 0 0 7 0 1 8 8
G O : 0 0 3 0 6 8 0
G O : 0 0 9 8 5 8 5
G O : 0 0 9 8 5 8 5
G O : 0 0 9 8 5 8 5
G O : 0 0 3 9 6 5 8
G O : 1 9 9 0 4 6 9
G O : 1 9 9 0 4 6 9
G O : 1 9 9 0 4 6 9
G O : 1 9 9 0 4 6 9
G O : 1 9 9 0 4 6 9
G O : 0 0 4 4 1 5 9
G O : 0 0 3 9 6 5 8
G O : 0 0 9 8 5 8 5
G O : 0 0 4 4 1 5 9
G O : 0 0 3 9 6 5 8
G O : 0 0 3 9 6 5 8
G O : 0 0 4 4 1 5 9
G O : 0 0 3 9 6 5 8
G O : 0 0 3 9 6 5 8
G O : 0 0 3 9 6 5 8
G O : 0 0 3 9 6 5 8
G O : 0 0 3 0 6 8 0
G O : 0 0 3 5 3 2 8
G O : 0 0 3 5 3 2 8
G O : 0 0 3 0 6 8 0
G O : 0 0 9 8 5 8 5
G O : 0 0 3 9 6 5 8
G O : 1 9 9 0 4 6 9
G O : 1 9 9 0 4 6 9
G O : 1 9 9 0 4 6 9
G O : 1 9 9 0 4 6 9
G O : 1 9 9 0 4 6 9
G O : 1 9 9 0 4 6 9
G O : 1 9 9 0 4 6 9
G O : 1 9 9 0 4 6 9
G O : 0 0 3 0 6 8 0
G O : 0 0 4 4 1 5 9
G O : 0 0 3 4 5 9 2
G O : 0 0 3 1 6 0 7
G O : 0 0 9 8 5 8 5
G O : 0 0 3 1 6 0 7
G O : 0 0 3 1 6 0 7
G O : 0 0 9 8 5 8 5
G O : 1 9 9 0 2 3 1
G O : 0 0 3 4 5 9 2
G O : 0 0 9 8 5 8 5
G O : 0 0 3 0 6 8 0
G O : 0 0 3 0 6 8 0
G O : 0 0 3 0 6 8 0
G O : 0 0 4 2 7 6 3
G O : 0 0 9 8 5 8 5
G O : 1 9 9 0 3 2 6
G O : 0 0 4 2 7 6 3
G O : 1 9 9 0 3 2 6
G O : 0 0 0 0 4 1 7
G O : 0 0 3 4 5 9 2
G O : 0 0 3 4 5 9 2
G O : 0 0 4 2 7 6 3
G O : 1 9 9 0 4 6 9
G O : 0 0 3 0 6 8 0
G O : 0 0 3 0 6 8 0
G O : 1 9 9 0 4 6 9
G O : 1 9 9 0 4 6 9
G O : 1 9 9 0 3 2 6
G O : 0 0 3 4 5 9 2
G O : 0 0 3 1 6 0 7
G O : 0 0 3 1 6 0 7
G O : 0 0 3 0 6 8 0
G O : 0 0 3 0 6 8 0
G O : 0 0 3 0 6 8 0
G O : 0 0 3 0 6 8 0
G O : 1 9 9 0 4 6 9
G O : 1 9 9 0 4 6 9
G O : 1 9 9 0 4 6 9
G O : 1 9 9 0 4 6 9
G O : 1 9 9 0 4 6 9
G O : 1 9 9 0 3 2 6
G O : 1 9 9 0 4 6 9
G O : 1 9 9 0 4 6 9
G O : 1 9 9 0 4 6 9
G O : 1 9 9 0 4 6 9
G O : 1 9 9 0 4 6 9
G O : 1 9 9 0 4 6 9
G O : 1 9 9 0 4 6 9
G O : 1 9 9 0 4 6 9
G O : 1 9 9 0 4 6 9
G O : 1 9 9 0 4 6 9
G O : 1 9 9 0 4 6 9
G O : 1 9 9 0 4 6 9
G O : 1 9 9 0 4 6 9
G O : 1 9 9 0 4 6 9
G O : 0 0 3 0 6 8 0
G O : 0 0 3 0 6 8 0
G O : 0 0 7 1 5 6 4
G O : 0 0 3 0 4 9 6
G O : 0 0 9 8 5 8 5
G O : 1 9 9 0 4 6 9
G O : 1 9 9 0 4 6 9
G O : 0 0 7 1 1 2 5
G O : 0 0 7 1 1 2 5
G O : 0 0 3 0 6 8 0
G O : 0 0 3 0 6 8 0
G O : 1 9 9 0 4 6 9
G O : 0 0 9 8 5 8 5
G O : 0 0 7 1 1 2 5
G O : 0 0 9 8 5 8 5
G O : 1 9 9 0 4 6 9
G O : 1 9 9 0 4 6 9
G O : 1 9 9 0 4 6 9
G O : 1 9 9 0 4 6 9
G O : 1 9 9 0 4 6 9
G O : 1 9 9 0 4 6 9
G O : 1 9 9 0 4 6 9
G O : 1 9 9 0 4 6 9
G O : 1 9 9 0 4 6 9
G O : 1 9 9 0 4 6 9
G O : 0 0 3 0 6 8 0
G O : 1 9 9 0 4 6 9
G O : 0 0 7 1 1 2 5
G O : 1 9 9 0 4 6 9
G O : 1 9 9 0 4 6 9
G O : 0 0 9 8 5 8 5
G O : 0 0 9 7 4 2 0
G O : 1 9 9 0 5 7 2
G O : 0 0 9 7 4 2 0
G O : 0 0 4 4 4 6 2
G O : 0 0 4 8 7 5 4
G O : 0 0 0 2 1 0 2
G O : 0 0 0 2 1 0 2
G O : 0 0 9 7 4 2 0
G O : 0 0 3 0 6 8 0
G O : 0 0 9 8 5 8 5
G O : 0 0 9 0 6 6 1
G O : 0 0 9 7 4 2 0
G O : 0 0 4 3 1 9 6
G O : 0 0 9 7 4 2 0
G O : 0 0 9 7 4 2 0
G O : 0 0 0 9 5 0 6
G O : 0 0 9 7 4 2 0
G O : 0 0 9 7 4 2 0
G O : 1 9 9 0 5 7 2
G O : 0 0 7 0 1 8 8
G O : 1 9 9 0 5 7 2
G O : 1 9 9 0 5 7 2
G O : 0 0 0 9 5 0 6
G O : 0 0 9 7 4 2 0
G O : 0 0 9 7 4 2 0
G O : 0 0 9 7 4 2 0
G O : 0 0 4 8 7 5 4
G O : 0 0 0 2 1 0 2
G O : 0 0 9 7 4 2 0
G O : 0 0 3 0 1 2 2
G O : 0 0 0 2 1 0 2
G O : 0 0 0 2 1 0 2
G O : 0 0 9 7 4 2 0
G O : 0 0 9 7 4 2 0
G O : 0 0 4 8 7 5 4
G O : 0 0 0 2 1 0 2
G O : 0 0 9 7 4 2 0
G O : 1 9 9 0 4 6 9
G O : 1 9 9 0 4 6 9
G O : 0 0 0 5 7 7 5
G O : 0 0 3 6 0 1 4
G O : 1 9 9 0 4 6 9
G O : 1 9 9 0 4 6 9
G O : 1 9 9 0 5 7 2
G O : 1 9 9 0 4 6 9
G O : 1 9 9 0 4 6 9
G O : 1 9 9 0 4 6 9
G O : 1 9 9 0 4 6 9
G O : 1 9 9 0 4 6 9
G O : 0 0 9 7 4 2 0
G O : 1 9 9 0 4 6 9
G O : 0 0 3 0 6 8 0
G O : 0 0 9 8 5 8 5
G O : 0 0 3 0 6 8 0
G O : 0 0 9 8 5 8 5
G O : 0 0 9 8 5 8 5
G O : 0 0 9 7 4 2 0
G O : 0 0 9 8 5 8 5
G O : 0 0 9 7 4 2 0
G O : 0 0 0 5 9 3 0
G O : 0 0 9 8 5 8 5
G O : 0 0 9 7 4 2 0
G O : 0 0 9 8 5 8 5
G O : 0 0 3 0 1 2 2
G O : 0 0 3 0 1 2 2
G O : 0 0 9 7 4 2 0
G O : 0 0 3 0 6 8 0
G O : 0 0 9 7 4 2 0
G O : 0 0 9 7 4 2 0
G O : 1 9 9 0 4 6 9
G O : 0 0 9 7 4 2 0
G O : 1 9 9 0 4 6 9
G O : 0 0 9 7 4 2 0
G O : 1 9 9 0 4 6 9
G O : 1 9 9 0 4 6 9
G O : 0 0 9 7 4 2 0
G O : 0 0 9 7 4 2 0
G O : 0 0 9 0 6 6 1
G O : 0 0 4 9 2 4 8
G O : 0 0 9 7 4 2 0
G O : 0 0 3 0 1 2 2
G O : 0 0 9 7 4 2 0
G O : 0 0 9 7 4 2 0
G O : 0 0 9 7 4 2 0
G O : 0 0 3 1 5 9 7
G O : 0 0 3 0 1 2 2
G O : 1 9 9 0 4 6 9
G O : 0 0 9 7 4 2 0
G O : 0 0 9 7 4 2 0
G O : 0 0 9 7 4 2 0
G O : 0 0 9 7 4 2 0
G O : 0 0 9 0 6 6 1
G O : 0 0 0 1 5 3 4
G O : 0 0 4 3 1 9 6
G O : 0 0 9 7 4 2 0
G O : 0 0 3 0 1 2 2
G O : 0 0 9 7 4 2 0
G O : 0 0 9 7 4 2 0
G O : 0 0 3 0 1 2 2
G O : 0 0 9 7 4 2 0
G O : 0 0 9 7 4 2 0
G O : 0 0 9 7 4 2 0
G O : 1 9 9 0 4 6 9
G O : 0 0 9 7 4 2 0
G O : 1 9 9 0 4 6 9
G O : 0 0 9 7 4 2 0
G O : 0 0 9 7 4 2 0
G O : 0 0 3 0 1 2 2
G O : 0 0 9 7 4 2 0
G O : 0 0 9 7 4 2 0
G O : 0 0 9 7 4 2 0
G O : 0 0 3 0 6 8 0
G O : 0 0 9 7 4 2 0
G O : 0 0 9 8 5 8 5
G O : 0 0 4 3 1 9 6
G O : 0 0 9 7 4 2 0
G O : 0 0 1 7 0 5 4
G O : 0 0 9 7 4 2 0
G O : 0 0 9 7 4 2 0
G O : 0 0 4 3 1 9 6
G O : 0 0 3 0 6 8 0
G O : 0 0 3 5 0 5 9
G O : 0 0 9 0 6 6 1
G O : 0 0 3 0 1 2 2
G O : 0 0 9 7 4 2 0
G O : 0 0 4 3 1 9 6
G O : 0 0 9 7 4 2 0
G O : 0 0 9 7 4 2 0
G O : 0 0 9 7 4 2 0
G O : 0 0 0 1 5 3 4
G O : 0 0 9 7 4 2 0
G O : 0 0 0 9 5 0 6
G O : 0 0 0 1 5 3 4
G O : 0 0 0 5 7 3 3
G O : 0 0 3 0 6 8 0
G O : 0 0 9 8 5 8 5
G O : 0 0 3 0 6 8 0
G O : 0 0 9 7 4 2 0
G O : 0 0 9 7 4 2 0
G O : 0 0 9 7 4 2 0
G O : 0 0 9 7 4 2 0
G O : 0 0 9 7 4 2 0
G O : 0 0 9 7 4 2 0
G O : 0 0 9 7 4 2 0
G O : 0 0 0 2 1 0 2
G O : 0 0 3 0 1 2 2
G O : 0 0 9 7 4 2 0
G O : 1 9 9 0 4 6 9
G O : 1 9 9 0 4 6 9
G O : 1 9 9 0 4 6 9
G O : 0 0 0 9 5 0 6
G O : 1 9 9 0 4 6 9
G O : 1 9 9 0 4 6 9
G O : 1 9 9 0 4 6 9
G O : 1 9 9 0 4 6 9
G O : 1 9 9 0 4 6 9
G O : 0 0 4 2 7 1 6
G O : 1 9 9 0 4 6 9
G O : 1 9 9 0 4 6 9
G O : 1 9 9 0 4 6 9
G O : 1 9 9 0 4 6 9
G O : 1 9 9 0 4 6 9
G O : 1 9 9 0 4 6 9
G O : 1 9 9 0 4 6 9
G O : 1 9 9 0 4 6 9
G O : 1 9 9 0 4 6 9
G O : 0 0 9 7 4 2 0
G O : 1 9 9 0 6 3 0
G O : 0 0 9 7 4 2 0
G O : 0 0 3 0 6 8 0
G O : 1 9 9 0 4 6 9
G O : 0 0 9 7 4 2 0
G O : 1 9 9 0 4 6 9
G O : 0 0 3 0 6 8 0
G O : 0 0 9 8 5 8 5
G O : 0 0 9 8 5 8 5
G O : 0 0 3 0 6 8 0
G O : 0 0 9 8 5 8 5
G O : 0 0 9 8 5 8 5
G O : 0 0 3 0 6 8 0
G O : 0 0 9 8 5 8 5
G O : 0 0 3 0 6 8 0
G O : 0 0 9 8 5 8 5
G O : 1 9 9 0 4 6 9
G O : 0 0 3 0 6 8 0
G O : 0 0 3 0 6 8 0
G O : 0 0 3 0 6 8 0
G O : 0 0 3 0 6 8 0
G O : 0 0 9 8 5 8 5
G O : 0 0 9 8 5 8 5
G O : 1 9 9 0 4 6 9
G O : 1 9 9 0 4 6 9
G O : 0 0 3 0 6 8 0
G O : 0 0 9 8 5 8 5
G O : 1 9 9 0 4 6 9
G O : 0 0 3 0 6 8 0
G O : 0 0 3 0 6 8 0
G O : 0 0 3 0 6 8 0
G O : 1 9 9 0 4 6 9
G O : 1 9 9 0 4 6 9
G O : 1 9 9 0 4 6 9
G O : 1 9 9 0 4 6 9
G O : 1 9 9 0 4 6 9
G O : 1 9 9 0 4 6 9
G O : 1 9 9 0 4 6 9
G O : 1 9 9 0 4 6 9
G O : 1 9 9 0 4 6 9
G O : 1 9 9 0 4 6 9
G O : 1 9 9 0 4 6 9
G O : 1 9 9 0 4 6 9
G O : 1 9 9 0 4 6 9
G O : 1 9 9 0 4 6 9
G O : 1 9 9 0 4 6 9
G O : 0 0 0 0 4 1 7
G O : 0 0 3 0 6 8 0
G O : 1 9 9 0 4 6 9
G O : 1 9 9 0 4 6 9
G O : 1 9 9 0 4 6 9
G O : 1 9 9 0 4 6 9
G O : 1 9 9 0 4 6 9
G O : 1 9 9 0 4 6 9
G O : 0 0 4 2 7 1 6
G O : 0 0 0 5 6 7 0
G O : 1 9 9 0 4 6 9
G O : 0 0 3 0 6 8 0
G O : 0 0 3 0 6 8 0
G O : 0 0 3 0 6 8 0
G O : 0 0 9 8 5 8 5
G O : 1 9 9 0 4 6 9
G O : 1 9 9 0 4 6 9
G O : 0 0 4 4 1 5 9
G O : 0 0 4 4 1 5 9
G O : 0 0 4 4 1 5 9
G O : 0 0 4 4 1 5 9
G O : 0 0 4 4 1 5 9
G O : 0 0 4 4 1 5 9
G O : 0 0 3 0 6 8 0
G O : 0 0 4 4 1 5 9
G O : 0 0 4 4 1 5 9
G O : 0 0 4 4 1 5 9
G O : 0 0 3 0 6 8 0
G O : 0 0 3 0 6 8 0
G O : 0 0 3 0 6 8 0
G O : 0 0 0 0 1 3 6
G O : 1 9 9 0 4 6 9
G O : 1 9 9 0 4 6 9
G O : 1 9 9 0 4 6 9
G O : 1 9 9 0 3 2 6
G O : 0 0 7 1 5 6 4
G O : 0 0 1 6 6 0 2
G O : 0 0 0 9 5 0 6
G O : 0 0 0 9 5 0 6
G O : 0 0 4 4 1 5 9
G O : 1 9 9 0 4 6 9
G O : 1 9 9 0 4 6 9
G O : 0 0 1 6 6 0 2
G O : 0 0 3 0 6 8 0
G O : 0 0 0 5 7 0 0
G O : 0 0 7 1 5 6 4
G O : 0 0 0 5 9 6 8
G O : 0 0 3 0 1 4 0
G O : 0 0 3 0 6 8 0
G O : 0 0 3 0 6 8 0
G O : 0 0 3 0 6 8 0
G O : 0 0 7 1 5 6 4
G O : 0 0 3 0 6 8 0
G O : 0 0 9 7 4 1 3
G O : 0 0 3 0 6 8 0
G O : 0 0 0 5 9 6 8
G O : 0 0 7 1 5 6 4
G O : 0 0 3 0 6 8 0
G O : 0 0 3 0 6 8 0
G O : 0 0 3 0 6 8 0
G O : 0 0 7 1 5 6 4
G O : 0 0 3 0 6 8 0
G O : 0 0 0 1 5 3 4
G O : 0 0 3 0 6 8 0
G O : 0 0 3 0 6 8 0
G O : 0 0 3 0 6 8 0
G O : 0 0 3 0 6 8 0
G O : 0 0 3 0 6 8 0
G O : 0 0 3 0 6 8 0
G O : 0 0 7 1 5 6 4
G O : 0 0 7 1 5 6 4
G O : 0 0 3 0 6 8 0
G O : 0 0 3 0 6 8 0
G O : 0 0 3 0 6 8 0
G O : 0 0 3 0 6 8 0
G O : 0 0 3 0 6 8 0
G O : 0 0 3 0 6 8 0
G O : 0 0 3 0 6 8 0
G O : 0 0 3 0 6 8 0
G O : 0 0 3 0 6 8 0
G O : 0 0 3 0 6 8 0
G O : 0 0 3 0 6 8 0
G O : 0 0 3 0 6 8 0
G O : 0 0 3 0 6 8 0
G O : 0 0 9 8 5 8 5
G O : 0 0 3 0 6 8 0
G O : 0 0 3 0 6 8 0
G O : 0 0 7 1 5 6 4
G O : 0 0 7 1 5 6 4
G O : 0 0 3 0 6 8 0
G O : 0 0 9 8 5 8 5
G O : 0 0 3 0 6 8 0
G O : 0 0 7 0 9 3 9
G O : 0 0 3 0 6 8 0
G O : 0 0 7 1 7 6 1
G O : 0 0 7 1 7 6 1
G O : 1 9 9 0 4 6 9
G O : 0 0 7 1 7 6 1
G O : 0 0 7 1 7 6 1
G O : 0 0 7 1 7 6 1
G O : 0 0 7 1 7 6 1
G O : 1 9 9 0 4 6 9
G O : 0 0 7 1 7 6 1
G O : 0 0 7 1 7 6 1
G O : 0 0 7 1 7 6 1
G O : 1 9 9 0 4 6 9
G O : 1 9 9 0 4 6 9
G O : 1 9 9 0 4 6 9
G O : 1 9 9 0 4 6 9
G O : 1 9 9 0 4 6 9
G O : 1 9 9 0 4 6 9
G O : 1 9 9 0 4 6 9
G O : 1 9 9 0 4 6 9
G O : 1 9 9 0 4 6 9
G O : 0 0 9 8 5 8 5
G O : 1 9 9 0 4 6 9
G O : 1 9 9 0 4 6 9
G O : 1 9 9 0 4 6 9
G O : 0 0 3 0 6 8 0
G O : 0 0 7 0 9 3 9
G O : 1 9 9 0 4 6 9
G O : 1 9 9 0 4 6 9
G O : 1 9 9 0 4 6 9
G O : 1 9 9 0 4 6 9
G O : 1 9 9 0 4 6 9
G O : 1 9 9 0 4 6 9
G O : 0 0 3 1 4 1 6
G O : 1 9 9 0 4 6 9
G O : 1 9 9 0 4 6 9
G O : 1 9 9 0 4 6 9
G O : 1 9 9 0 4 6 9
G O : 1 9 9 0 4 6 9
G O : 1 9 9 0 4 6 9
G O : 1 9 9 0 4 6 9
G O : 1 9 9 0 4 6 9
G O : 1 9 9 0 4 6 9
G O : 1 9 9 0 4 6 9
G O : 1 9 9 0 4 6 9
G O : 0 0 3 0 6 8 0
G O : 1 9 9 0 4 6 9
G O : 1 9 9 0 4 6 9
G O : 0 0 9 8 5 8 5
G O : 1 9 9 0 4 6 9
G O : 0 0 3 0 6 8 0
G O : 1 9 9 0 4 6 9
G O : 0 0 3 0 6 8 0
G O : 1 9 9 0 4 6 9
G O : 0 0 7 0 9 3 9
G O : 1 9 9 0 4 6 9
G O : 1 9 9 0 4 6 9
G O : 1 9 9 0 4 6 9
G O : 1 9 9 0 4 6 9
G O : 0 0 3 1 0 1 1
G O : 0 0 3 0 6 8 0
G O : 0 0 7 1 1 2 5
G O : 0 0 0 0 7 9 9
G O : 0 0 9 8 8 0 5
G O : 0 0 0 0 4 1 7
G O : 0 0 9 8 8 0 5
G O : 0 0 9 8 8 0 5
G O : 0 0 9 8 8 0 5
G O : 0 0 3 0 6 8 0
G O : 0 0 3 0 6 8 0
G O : 0 0 3 0 6 8 0
G O : 0 0 9 7 4 1 3
G O : 0 0 9 8 5 8 5
G O : 0 0 9 8 5 8 5
G O : 0 0 9 8 5 8 5
G O : 0 0 3 0 6 8 0
G O : 0 0 3 0 6 8 0
G O : 1 9 9 0 4 6 9
G O : 1 9 9 0 4 6 9
G O : 1 9 9 0 4 6 9
G O : 1 9 9 0 5 7 2
G O : 1 9 9 0 4 6 9
G O : 0 0 3 0 6 8 0
G O : 0 0 3 0 4 9 6
G O : 0 0 3 4 5 9 2
G O : 0 0 9 8 5 8 5
G O : 0 0 9 8 5 8 5
G O : 0 0 3 0 6 8 0
G O : 0 0 3 0 6 8 0
G O : 0 0 3 4 5 9 2
G O : 0 0 3 0 6 8 0
G O : 0 0 9 8 5 8 5
G O : 0 0 3 0 6 8 0
G O : 0 0 9 8 5 8 5
G O : 0 0 3 0 6 8 0
G O : 0 0 3 0 6 8 0
G O : 0 0 9 8 5 8 5
G O : 0 0 3 0 6 8 0
G O : 0 0 3 0 6 8 0
G O : 0 0 9 8 5 8 5
G O : 0 0 3 0 6 8 0
G O : 0 0 3 0 6 8 0
G O : 0 0 3 0 6 8 0
G O : 0 0 9 8 5 8 5
G O : 0 0 3 0 6 8 0
G O : 0 0 3 0 6 8 0
G O : 0 0 9 8 5 8 5
G O : 0 0 9 7 4 1 3
G O : 0 0 9 7 4 1 3
G O : 0 0 9 8 5 8 5
G O : 0 0 7 2 6 8 7
G O : 0 0 3 0 6 8 0
G O : 0 0 3 4 5 9 2
G O : 0 0 3 4 5 9 2
G O : 0 0 9 7 4 1 3
G O : 0 0 3 4 5 9 2
G O : 0 0 3 0 6 8 0
G O : 0 0 3 4 5 9 2
G O : 0 0 3 4 5 9 2
G O : 0 0 3 4 5 9 2
G O : 1 9 9 0 7 8 8
G O : 0 0 4 3 8 4 6
G O : 0 0 4 3 8 4 6
G O : 0 0 3 0 6 8 0
G O : 0 0 9 8 5 8 5
G O : 0 0 3 0 6 8 0
G O : 1 9 9 0 0 7 8
G O : 0 0 3 0 6 8 0
G O : 0 0 3 0 6 8 0
G O : 0 0 3 0 6 8 0
G O : 0 0 4 3 8 4 6
G O : 0 0 9 8 5 8 5
G O : 0 0 3 0 6 8 0
G O : 1 9 9 0 4 6 9
G O : 1 9 9 0 4 6 9
G O : 0 0 3 0 6 8 0
G O : 0 0 9 7 4 1 3
G O : 0 0 3 0 6 8 0
G O : 0 0 4 3 8 4 6
G O : 0 0 3 0 6 8 0
G O : 0 0 9 8 5 8 5
G O : 0 0 9 7 4 1 3
G O : 1 9 9 0 7 8 8
G O : 0 0 3 0 6 8 0
G O : 0 0 9 8 5 8 5
G O : 0 0 3 0 6 8 0
G O : 0 0 3 0 6 8 0
G O : 0 0 9 8 5 8 5
G O : 0 0 3 0 6 8 0
G O : 0 0 9 7 4 1 3
G O : 0 0 3 0 6 8 0
G O : 0 0 4 3 8 4 6
G O : 0 0 3 0 6 8 0
G O : 0 0 3 0 6 8 0
G O : 0 0 9 8 5 8 5
G O : 0 0 3 0 6 8 0
G O : 0 0 3 0 6 8 0
G O : 0 0 9 8 5 8 5
G O : 0 0 3 0 6 8 0
G O : 0 0 3 0 6 8 0
G O : 0 0 3 0 6 8 0
G O : 0 0 9 8 5 8 5
G O : 0 0 9 8 5 8 5
G O : 0 0 9 7 4 1 3
G O : 0 0 3 0 6 8 0
G O : 0 0 3 0 6 8 0
G O : 0 0 9 8 5 8 5
G O : 0 0 9 8 5 8 5
G O : 0 0 3 0 6 8 0
G O : 1 9 9 0 4 6 9
G O : 1 9 9 0 4 6 9
G O : 0 0 7 0 1 1 5
G O : 1 9 9 0 4 6 9
G O : 1 9 9 0 4 6 9
G O : 1 9 9 0 4 6 9
G O : 1 9 9 0 4 6 9
G O : 0 0 0 9 5 0 6
G O : 0 0 3 0 6 8 0
G O : 0 0 3 0 6 8 0
G O : 1 9 9 0 4 6 9
G O : 0 0 9 7 6 6 2
G O : 0 0 3 2 1 1 1
G O : 0 0 9 7 6 6 2
G O : 0 0 3 6 0 1 4
G O : 0 0 4 2 7 6 3
G O : 0 0 3 2 1 1 1
G O : 0 0 0 9 5 0 6
G O : 0 0 0 2 1 9 7
G O : 0 0 3 2 1 1 1
G O : 0 0 3 0 1 1 8
G O : 0 0 4 2 7 6 3
G O : 0 0 0 2 1 9 7
G O : 1 9 9 0 4 6 9
G O : 1 9 9 0 4 6 9
G O : 0 0 3 0 1 1 8
G O : 0 0 4 2 7 6 3
G O : 0 0 3 0 1 1 8
G O : 0 0 0 5 5 6 7
G O : 0 0 3 6 4 1 8
G O : 0 0 3 6 0 1 2
G O : 0 0 4 2 7 6 3
G O : 0 0 3 0 1 1 8
G O : 0 0 3 0 7 0 0
G O : 0 0 3 0 1 1 8
G O : 0 0 3 5 0 6 0
G O : 0 0 4 2 7 6 3
G O : 0 0 0 9 5 0 6
G O : 0 0 0 9 5 0 6
G O : 0 0 0 2 1 9 7
G O : 0 0 3 0 1 1 8
G O : 0 0 0 9 5 0 6
G O : 0 0 3 0 1 1 8
G O : 0 0 3 6 0 1 4
G O : 0 0 0 9 5 0 6
G O : 0 0 3 0 1 1 8
G O : 1 9 0 3 1 4 5
G O : 0 0 7 0 3 8 6
G O : 1 9 9 0 4 5 7
G O : 0 0 3 0 1 1 8
G O : 0 0 0 9 5 0 6
G O : 0 0 0 2 1 9 7
G O : 0 0 9 8 5 8 5
G O : 0 0 3 0 1 1 8
G O : 0 0 4 2 7 6 3
G O : 0 0 0 0 4 1 7
G O : 0 0 3 0 1 1 8
G O : 0 0 0 9 5 0 6
G O : 1 9 9 0 4 6 9
G O : 1 9 9 0 4 6 9
G O : 0 0 9 8 5 8 5
G O : 1 9 9 0 4 6 9
G O : 1 9 9 0 4 6 9
G O : 0 0 7 0 9 3 9
G O : 0 0 3 1 4 1 6
G O : 0 0 7 0 6 9 2
G O : 1 9 9 0 4 6 9
G O : 1 9 9 0 4 6 9
G O : 0 0 0 2 1 9 7
G O : 0 0 3 1 4 1 6
G O : 0 0 3 1 4 1 6
G O : 0 0 3 1 4 1 6
G O : 1 9 9 0 4 6 9
G O : 1 9 9 0 4 6 9
G O : 0 0 4 2 7 1 6
G O : 1 9 9 0 4 6 9
G O : 1 9 9 0 4 6 9
G O : 0 0 4 4 7 9 9
G O : 1 9 9 0 5 7 2
G O : 1 9 9 0 5 7 2
G O : 0 0 4 4 7 9 9
G O : 1 9 9 0 5 7 2
G O : 1 9 9 0 5 7 2
G O : 1 9 9 0 5 7 2
G O : 0 0 3 6 4 7 7
G O : 0 0 4 4 7 9 9
G O : 0 0 4 4 7 9 9
G O : 0 0 0 2 1 9 7
G O : 0 0 4 4 7 9 9
G O : 1 9 9 0 5 7 2
G O : 0 0 4 4 7 9 9
G O : 0 0 9 8 5 8 5
G O : 0 0 4 2 7 6 3
G O : 0 0 4 4 7 9 9
G O : 0 0 0 5 9 4 1
G O : 0 0 4 4 7 9 9
G O : 0 0 4 4 7 9 9
G O : 1 9 9 0 4 6 9
G O : 0 0 4 4 7 9 9
G O : 0 0 4 4 7 9 9
G O : 0 0 7 0 9 7 1
G O : 1 9 9 0 3 2 6
G O : 0 0 4 2 7 1 6
G O : 1 9 9 0 4 6 9
G O : 1 9 9 0 3 2 6
G O : 0 0 4 2 7 1 6
G O : 0 0 0 0 4 1 7
G O : 0 0 0 0 4 1 7
G O : 0 0 9 8 5 8 5
G O : 0 0 4 2 7 6 3
G O : 0 0 4 4 7 9 9
G O : 0 0 9 8 5 8 5
G O : 0 0 0 9 5 0 6
G O : 0 0 0 9 5 0 6
G O : 0 0 4 2 7 6 3
G O : 0 0 7 1 1 2 5
G O : 0 0 0 9 5 0 6
G O : 0 0 4 2 7 6 3
G O : 0 0 9 8 5 8 5
G O : 0 0 0 5 7 6 2
G O : 0 0 0 5 7 6 2
G O : 1 9 9 0 4 6 9
G O : 1 9 9 0 3 2 6
G O : 0 0 3 6 4 7 7
G O : 0 0 4 4 7 9 9
G O : 0 0 4 4 7 9 9
G O : 1 9 9 0 4 6 9
G O : 0 0 0 9 5 0 6
G O : 1 9 9 0 4 6 9
G O : 1 9 9 0 4 6 9
G O : 1 9 9 0 4 6 9
G O : 1 9 9 0 4 6 9
G O : 1 9 9 0 4 6 9
G O : 1 9 9 0 4 6 9
G O : 1 9 9 0 4 6 9
G O : 1 9 9 0 4 6 9
G O : 1 9 9 0 4 6 9
G O : 1 9 9 0 4 6 9
G O : 0 0 4 4 7 9 9
G O : 0 0 4 4 7 9 9
G O : 0 0 4 4 7 9 9
G O : 0 0 0 5 7 6 2
G O : 0 0 0 9 5 0 6
G O : 0 0 0 9 5 0 6
G O : 0 0 0 9 5 0 6
G O : 0 0 3 0 6 8 0
G O : 0 0 4 4 7 9 9
G O : 0 0 3 4 7 7 7
G O : 0 0 4 4 7 9 9
G O : 0 0 3 4 7 7 7
G O : 0 0 0 9 5 2 4
G O : 0 0 0 9 5 2 4
G O : 0 0 0 9 5 2 4
G O : 0 0 0 9 5 2 4
G O : 1 9 9 0 4 6 9
G O : 0 0 4 2 7 6 3
G O : 0 0 9 7 5 5 8
G O : 0 0 3 0 6 8 0
G O : 0 0 3 0 6 8 0
G O : 0 0 3 0 6 8 0
G O : 0 0 3 0 6 8 0
G O : 0 0 9 8 8 0 5
G O : 0 0 9 8 8 0 5
G O : 0 0 3 6 4 1 7
G O : 1 9 9 0 4 6 9
G O : 1 9 9 0 4 6 9
G O : 0 0 9 7 5 5 8
G O : 1 9 9 0 4 6 9
G O : 0 0 9 8 8 0 5
G O : 0 0 7 0 9 3 9
G O : 0 0 0 2 1 9 7
G O : 0 0 9 8 5 8 5
G O : 0 0 3 0 6 8 0
G O : 0 0 3 0 6 8 0
G O : 0 0 9 8 5 8 5
G O : 0 0 9 8 8 0 5
G O : 1 9 9 0 4 6 9
G O : 1 9 9 0 4 6 9
G O : 0 0 3 0 6 8 0
G O : 1 9 9 0 4 6 9
G O : 1 9 9 0 4 6 9
G O : 0 0 0 9 5 0 6
G O : 1 9 9 0 4 6 9
G O : 0 0 9 8 8 0 5
G O : 0 0 9 8 8 0 5
G O : 0 0 9 8 8 0 5
G O : 0 0 9 8 8 0 5
G O : 0 0 9 8 8 0 5
G O : 0 0 9 8 8 0 5
G O : 0 0 9 8 8 0 5
G O : 0 0 9 8 8 0 5
G O : 0 0 9 8 8 0 5
G O : 0 0 9 8 8 0 5
G O : 0 0 9 8 8 0 5
G O : 0 0 9 8 8 0 5
G O : 0 0 9 8 8 0 5
G O : 0 0 9 8 8 0 5
G O : 0 0 9 8 8 0 5
G O : 0 0 9 8 8 0 5
G O : 0 0 3 0 6 8 0
G O : 0 0 9 8 8 0 5
G O : 0 0 9 8 8 0 5
G O : 0 0 3 0 6 8 0
G O : 0 0 9 8 8 0 5
G O : 0 0 3 0 6 8 0
G O : 0 0 9 8 8 0 5
G O : 0 0 0 1 6 5 1
G O : 0 0 3 2 2 8 4
G O : 0 0 4 3 6 5 8
G O : 0 0 3 6 0 1 2
G O : 0 0 3 6 0 1 2
G O : 0 0 3 6 0 1 2
G O : 0 0 3 6 0 1 2
G O : 0 0 3 6 0 1 2
G O : 0 0 7 1 2 0 3
G O : 0 0 0 1 6 5 1
G O : 0 0 4 3 1 8 9
G O : 1 9 9 0 3 2 6
G O : 0 0 7 1 2 0 3
G O : 0 0 3 6 0 1 2
G O : 0 0 3 6 0 1 2
G O : 0 0 3 6 0 1 2
G O : 0 0 3 6 0 1 2
G O : 0 0 7 0 1 8 8
G O : 0 0 0 1 6 5 1
G O : 0 0 3 0 1 4 0
G O : 0 0 0 2 1 9 7
G O : 0 0 7 1 1 2 5
G O : 0 0 3 6 0 1 2
G O : 0 0 3 0 1 1 8
G O : 0 0 9 0 5 3 4
G O : 0 0 9 7 4 2 0
G O : 0 0 0 9 5 0 6
G O : 0 0 3 6 0 1 2
G O : 0 0 7 0 0 2 0
G O : 0 0 9 7 4 2 0
G O : 0 0 4 3 5 9 9
G O : 0 0 7 1 1 1 8
G O : 0 0 9 7 4 2 0
G O : 0 0 0 1 6 5 1
G O : 1 9 9 0 3 2 6
G O : 0 0 3 1 6 0 7
G O : 0 0 7 1 2 0 3
G O : 0 0 7 1 2 0 3
G O : 0 0 7 0 1 8 8
G O : 0 0 7 1 2 0 3
G O : 0 0 3 6 0 1 2
G O : 0 0 7 0 1 8 8
G O : 0 0 4 3 6 5 8
G O : 0 0 4 3 6 5 8
G O : 0 0 7 1 2 0 3
G O : 0 0 3 2 2 8 4
G O : 0 0 4 3 6 5 8
G O : 0 0 9 8 5 8 5
G O : 0 0 4 3 5 9 9
G O : 0 0 6 0 0 7 6
G O : 0 0 4 3 6 5 8
G O : 0 0 3 3 1 1 5
G O : 0 0 7 1 2 0 3
G O : 0 0 3 6 0 1 2
G O : 0 0 3 6 0 1 2
G O : 0 0 3 6 0 1 2
G O : 0 0 4 3 6 5 8
G O : 0 0 3 6 0 1 2
G O : 0 0 3 6 0 1 2
G O : 0 0 3 6 0 1 2
G O : 0 0 0 5 7 7 7
G O : 0 0 4 2 7 6 3
G O : 1 9 9 0 4 6 9
G O : 0 0 3 6 0 1 2
G O : 0 0 3 6 0 1 2
G O : 0 0 4 3 5 9 9
G O : 0 0 7 1 1 5 9
G O : 1 9 9 0 4 6 9
G O : 0 0 4 3 6 5 8
G O : 0 0 4 3 6 5 8
G O : 0 0 3 6 0 1 2
G O : 0 0 3 6 0 1 2
G O : 0 0 3 2 2 8 4
G O : 1 9 9 0 9 1 7
G O : 0 0 3 6 0 1 2
G O : 0 0 3 6 0 1 2
G O : 0 0 3 6 0 1 2
G O : 0 0 0 0 4 1 7
G O : 0 0 4 2 7 6 3
G O : 0 0 3 6 0 1 2
G O : 0 0 3 6 0 1 2
G O : 0 0 3 6 0 1 2
G O : 0 0 3 6 0 1 2
G O : 0 0 7 1 1 2 5
G O : 0 0 3 6 0 1 2
G O : 0 0 3 6 0 1 2
G O : 0 0 3 6 0 1 2
G O : 0 0 3 6 0 1 2
G O : 0 0 7 1 1 5 9
G O : 0 0 7 1 2 0 3
G O : 0 0 3 6 0 1 2
G O : 0 0 7 1 2 0 3
G O : 0 0 3 6 0 1 2
G O : 0 0 7 1 2 0 3
G O : 0 0 3 6 0 1 2
G O : 1 9 9 0 4 6 9
G O : 0 0 7 1 2 0 3
G O : 0 0 0 9 5 2 4
G O : 0 0 0 9 5 2 4
G O : 0 0 3 6 0 1 2
G O : 0 0 3 6 0 1 2
G O : 0 0 3 2 2 8 4
G O : 0 0 4 3 6 5 8
G O : 1 9 9 0 4 6 9
G O : 0 0 3 6 0 1 2
G O : 0 0 6 0 0 7 6
G O : 0 0 3 6 0 1 2
G O : 0 0 3 3 1 1 5
G O : 0 0 3 6 0 1 2
G O : 0 0 3 6 0 1 2
G O : 0 0 3 6 0 1 2
G O : 0 0 3 6 0 1 2
G O : 0 0 4 3 6 5 8
G O : 0 0 4 3 6 5 8
G O : 0 0 3 6 0 1 2
G O : 0 0 3 6 0 1 2
G O : 0 0 3 6 0 1 2
G O : 0 0 4 3 6 5 8
G O : 1 9 9 0 4 6 9
G O : 0 0 4 3 6 5 8
G O : 0 0 3 6 0 1 2
G O : 0 0 0 1 6 5 1
G O : 0 0 0 0 4 1 7
G O : 0 0 7 1 2 0 3
G O : 0 0 0 1 6 5 1
G O : 0 0 3 6 0 1 2
G O : 0 0 0 0 4 1 7
G O : 0 0 3 6 0 1 2
G O : 0 0 3 1 6 0 7
G O : 0 0 3 6 0 1 2
G O : 0 0 4 3 6 5 8
G O : 0 0 3 6 0 1 2
G O : 0 0 7 1 2 0 3
G O : 0 0 3 6 0 1 2
G O : 0 0 3 6 0 2 1
G O : 0 0 3 6 0 1 2
G O : 0 0 9 8 5 8 5
G O : 0 0 3 6 0 1 2
G O : 0 0 3 6 0 1 2
G O : 0 0 9 8 5 8 5
G O : 0 0 4 3 6 5 8
G O : 0 0 3 6 0 1 2
G O : 0 0 3 6 0 1 2
G O : 0 0 3 6 0 1 2
G O : 0 0 3 6 0 1 2
G O : 0 0 4 3 6 5 8
G O : 0 0 3 6 0 1 2
G O : 0 0 3 6 0 1 2
G O : 0 0 3 6 0 1 2
G O : 0 0 3 6 0 1 2
G O : 0 0 3 6 0 1 2
G O : 0 0 3 6 0 1 2
G O : 0 0 3 6 0 1 2
G O : 0 0 3 6 0 1 2
G O : 1 9 9 0 4 6 9
G O : 1 9 9 0 4 6 9
G O : 1 9 9 0 4 6 9
G O : 1 9 9 0 4 6 9
G O : 0 0 3 6 0 1 2
G O : 0 0 3 6 0 1 2
G O : 0 0 3 6 0 1 2
G O : 1 9 9 0 4 6 9
G O : 0 0 7 0 1 8 8
G O : 0 0 7 0 1 8 8
G O : 0 0 0 1 6 5 1
G O : 0 0 3 6 0 1 2
G O : 0 0 4 3 5 9 9
G O : 0 0 3 6 0 1 2
G O : 0 0 3 6 0 1 2
G O : 0 0 3 6 0 1 2
G O : 0 0 3 6 0 1 2
G O : 0 0 3 0 6 8 0
G O : 0 0 3 6 0 1 2
G O : 0 0 3 6 0 1 2
G O : 1 9 9 0 6 3 0
G O : 0 0 3 6 0 1 2
G O : 0 0 7 1 2 0 3
G O : 1 9 9 0 4 6 9
G O : 0 0 4 3 6 5 8
G O : 0 0 0 9 5 2 4
G O : 0 0 7 1 1 5 9
G O : 0 0 7 1 2 0 3
G O : 0 0 3 6 0 1 2
G O : 0 0 6 0 0 7 6
G O : 0 0 3 0 6 8 0
G O : 0 0 3 5 4 5 1
G O : 0 0 3 0 6 8 0
G O : 0 0 0 0 3 1 3
G O : 0 0 0 0 3 1 3
G O : 0 0 0 9 2 7 5
G O : 0 0 0 9 2 7 5
G O : 0 0 3 6 0 1 2
G O : 0 0 3 6 0 1 2
G O : 0 0 3 6 0 1 2
G O : 0 0 3 0 6 8 0
G O : 0 0 3 6 0 1 2
G O : 0 0 3 6 0 1 2
G O : 1 9 9 0 1 2 5
G O : 1 9 9 0 1 2 5
G O : 0 0 3 0 6 8 0
G O : 1 9 9 0 1 2 5
G O : 1 9 9 0 3 2 6
G O : 0 0 7 1 1 1 4
G O : 0 0 0 5 8 0 6
G O : 1 9 9 0 3 2 6
G O : 1 9 9 0 4 6 9
G O : 1 9 9 0 1 2 5
G O : 1 9 9 0 1 2 5
G O : 0 0 0 5 8 8 3
G O : 0 0 0 5 8 0 4
G O : 0 0 4 4 8 3 8
G O : 0 0 0 5 8 8 3
G O : 0 0 0 5 8 8 3
G O : 0 0 0 2 1 9 7
G O : 0 0 0 5 8 8 3
G O : 0 0 4 3 5 1 3
G O : 0 0 0 2 1 9 7
G O : 0 0 4 4 1 9 0
G O : 0 0 0 0 4 3 8
G O : 0 0 0 0 4 1 7
G O : 0 0 0 5 8 8 3
G O : 0 0 0 5 8 8 3
G O : 0 0 0 5 8 8 3
G O : 0 0 0 0 4 1 7
G O : 0 0 0 0 1 1 1
G O : 0 0 0 5 8 8 3
G O : 0 0 0 5 8 8 3
G O : 0 0 0 5 8 8 3
G O : 0 0 0 5 8 8 3
G O : 0 0 0 5 8 8 3
G O : 0 0 0 5 8 8 3
G O : 0 0 0 0 1 1 1
G O : 0 0 0 5 8 8 3
G O : 0 0 0 5 8 8 3
G O : 0 0 0 5 8 8 3
G O : 0 0 0 5 8 8 3
G O : 0 0 0 5 8 8 3
G O : 0 0 0 5 8 8 3
G O : 0 0 0 5 8 8 3
G O : 0 0 0 5 8 8 3
G O : 0 0 0 0 1 1 1
G O : 0 0 0 0 1 1 1
G O : 0 0 0 0 1 1 1
G O : 0 0 0 0 1 1 1
G O : 0 0 0 5 8 8 3
G O : 0 0 0 5 8 8 3
G O : 0 0 0 5 8 8 3
G O : 0 0 0 0 1 1 1
G O : 0 0 0 0 1 1 1
G O : 0 0 0 5 8 8 3
G O : 0 0 0 0 1 1 1
G O : 0 0 0 5 8 8 3
G O : 0 0 0 5 8 8 3
G O : 0 0 0 2 1 9 7
G O : 0 0 0 2 1 9 7
G O : 0 0 0 0 1 1 1
G O : 0 0 0 0 1 1 1
G O : 1 9 0 3 1 4 5
G O : 0 0 0 0 8 0 2
G O : 0 0 7 1 1 2 5
G O : 0 0 0 2 1 9 7
G O : 0 0 0 0 1 1 1
G O : 0 0 0 5 8 8 3
G O : 0 0 0 5 8 8 3
G O : 0 0 0 5 8 8 3
G O : 0 0 0 5 8 8 3
G O : 0 0 0 5 8 8 3
G O : 0 0 0 5 8 8 3
G O : 0 0 0 5 8 8 3
G O : 0 0 0 5 8 8 3
G O : 0 0 0 0 1 1 1
G O : 0 0 0 5 8 8 3
G O : 0 0 0 2 1 9 7
G O : 0 0 0 2 1 9 7
G O : 0 0 7 1 1 2 5
G O : 0 0 0 5 8 8 3
G O : 0 0 0 5 8 8 3
G O : 0 0 0 5 8 8 3
G O : 0 0 0 5 8 8 3
G O : 0 0 0 5 8 8 3
G O : 0 0 0 5 8 8 3
G O : 0 0 0 0 4 1 7
G O : 0 0 0 5 8 8 3
G O : 0 0 0 5 8 8 3
G O : 0 0 0 5 8 8 3
G O : 0 0 0 5 8 8 3
G O : 0 0 0 5 8 8 3
G O : 0 0 0 5 8 8 3
G O : 0 0 0 5 8 8 3
G O : 0 0 7 1 1 2 5
G O : 0 0 0 5 8 8 3
G O : 0 0 0 5 8 8 3
G O : 0 0 0 5 8 8 3
G O : 0 0 0 0 4 1 7
G O : 0 0 0 5 8 8 3
G O : 0 0 0 0 4 1 7
G O : 0 0 0 0 4 1 7
G O : 1 9 9 0 3 2 6
G O : 1 9 9 0 3 2 6
G O : 0 0 0 0 1 1 1
G O : 0 0 0 0 4 1 7
G O : 0 0 0 5 8 8 3
G O : 0 0 0 0 4 1 7
G O : 0 0 0 0 4 1 7
G O : 0 0 0 5 8 8 3
G O : 0 0 0 5 8 8 3
G O : 0 0 0 0 4 1 7
G O : 0 0 0 5 8 8 3
G O : 0 0 0 5 8 8 3
G O : 0 0 0 0 4 1 7
G O : 0 0 0 5 8 8 3
G O : 0 0 0 5 8 8 3
G O : 0 0 0 5 8 8 3
G O : 0 0 0 5 8 8 3
G O : 0 0 0 5 8 8 3
G O : 0 0 0 5 8 8 3
G O : 0 0 7 0 6 9 2
G O : 0 0 1 9 0 3 4
G O : 0 0 7 0 6 9 2
G O : 0 0 3 9 6 2 5
G O : 0 0 9 8 8 0 5
G O : 0 0 7 0 6 9 2
G O : 0 0 7 0 6 9 2
G O : 0 0 4 4 4 6 2
G O : 1 9 9 0 4 6 9
G O : 0 0 0 0 7 9 9
G O : 0 0 0 5 6 8 5
G O : 0 0 0 5 6 8 5
G O : 0 0 0 5 6 8 5
G O : 0 0 7 0 6 9 2
G O : 0 0 0 0 7 9 9
G O : 0 0 0 2 1 9 7
G O : 0 0 3 0 1 1 8
G O : 1 9 9 0 4 6 9
G O : 1 9 9 0 4 6 9
G O : 0 0 3 4 7 0 3
G O : 0 0 0 0 4 1 7
G O : 0 0 0 5 6 8 5
G O : 1 9 9 0 4 6 9
G O : 1 9 9 0 4 6 9
G O : 1 9 9 0 4 6 9
G O : 1 9 9 0 4 6 9
G O : 1 9 9 0 4 6 9
G O : 1 9 9 0 4 6 9
G O : 0 0 0 0 7 9 9
G O : 0 0 0 0 7 9 9
G O : 1 9 9 0 4 6 9
G O : 1 9 9 0 4 6 9
G O : 1 9 9 0 4 6 9
G O : 0 0 0 5 6 8 5
G O : 0 0 7 1 7 6 1
G O : 0 0 7 1 7 6 1
G O : 0 0 7 1 7 6 1
G O : 0 0 7 1 7 6 1
G O : 0 0 7 1 7 6 1
G O : 0 0 4 4 4 4 6
G O : 0 0 7 1 7 6 1
G O : 0 0 7 1 7 6 1
G O : 0 0 3 0 8 6 9
G O : 1 9 9 0 4 6 9
G O : 1 9 9 0 4 6 9
G O : 1 9 9 0 4 6 9
G O : 1 9 9 0 4 6 9
G O : 1 9 9 0 4 6 9
G O : 1 9 9 0 4 6 9
G O : 1 9 9 0 4 6 9
G O : 1 9 9 0 4 6 9
