C L : 0 0 0 0 5 4 0
C L : 0 0 0 2 6 1 3
C L : 0 0 0 2 6 1 3
C L : 0 0 0 0 5 4 0
C L : 0 0 0 0 5 4 0
C L : 0 0 0 2 6 1 3
C L : 0 0 0 0 5 4 0
C L : 0 0 0 0 5 4 0
C L : 0 0 0 0 5 4 0
C L : 0 0 0 0 5 4 0
C L : 0 0 0 0 5 4 0
C L : 1 0 0 1 4 7 4
C L : 0 0 0 2 6 1 3
C L : 1 0 0 1 4 7 4
C L : 0 0 0 0 0 9 9
C L : 1 0 0 1 4 7 4
C L : 0 0 0 2 6 1 3
C L : 0 0 0 2 6 1 3
C L : 0 0 0 2 6 1 3
C L : 0 0 0 0 5 4 0
C L : 0 0 0 0 5 4 0
C L : 0 0 0 0 5 4 0
C L : 0 0 0 0 5 4 0
C L : 0 0 0 0 5 4 0
C L : 0 0 0 0 5 4 0
C L : 0 0 0 0 5 4 0
C L : 0 0 0 2 0 6 2
C L : 0 0 0 2 6 1 3
C L : 0 0 0 2 6 1 3
C L : 0 0 0 0 5 4 0
C L : 0 0 0 0 5 4 0
C L : 0 0 0 0 5 4 0
C L : 0 0 0 0 5 4 0
C L : 0 0 0 0 5 4 0
C L : 0 0 0 2 6 1 3
C L : 0 0 0 2 6 1 3
C L : 0 0 0 2 6 1 3
C L : 0 0 0 0 5 4 0
C L : 0 0 0 0 5 4 0
C L : 0 0 0 2 6 1 3
C L : 0 0 0 2 6 1 3
C L : 0 0 0 2 6 1 3
C L : 0 0 0 2 6 1 3
C L : 0 0 0 2 6 1 3
C L : 0 0 0 0 5 4 0
C L : 0 0 0 0 5 4 0
C L : 0 0 0 2 6 1 3
C L : 0 0 0 2 6 1 3
C L : 0 0 0 2 6 1 3
C L : 0 0 0 2 6 1 3
C L : 0 0 0 0 5 4 0
C L : 0 0 0 0 5 4 0
C L : 0 0 0 0 5 4 0
C L : 0 0 0 0 5 4 0
C L : 0 0 0 2 6 1 3
C L : 0 0 0 2 6 1 3
C L : 0 0 0 2 6 1 3
C L : 0 0 0 0 5 4 0
C L : 0 0 0 0 5 4 0
C L : 0 0 0 2 6 1 3
C L : 0 0 0 2 6 1 3
C L : 0 0 0 0 5 4 0
C L : 0 0 0 2 6 1 3
C L : 0 0 0 0 1 0 8
C L : 0 0 0 0 5 0 1
C L : 0 0 0 0 5 4 0
C L : 0 0 0 0 5 9 8
C L : 0 0 0 0 5 0 1
C L : 0 0 0 0 7 4 0
C L : 0 0 0 0 5 4 0
C L : 0 0 0 0 5 4 0
C L : 0 0 0 2 6 1 3
C L : 0 0 0 0 5 4 0
C L : 0 0 0 0 5 4 0
C L : 0 0 0 0 5 4 0
C L : 0 0 0 0 5 9 8
C L : 0 0 0 0 5 0 1
C L : 0 0 0 0 5 4 0
C L : 0 0 0 0 5 4 0
C L : 1 0 0 1 4 7 4
C L : 0 0 0 0 5 4 0
C L : 0 0 0 0 5 4 0
C L : 0 0 0 2 6 1 3
C L : 0 0 0 2 6 1 3
C L : 0 0 0 2 6 1 3
C L : 0 0 0 2 6 1 3
C L : 0 0 0 0 5 4 0
C L : 0 0 0 0 5 4 0
C L : 0 0 0 0 5 4 0
C L : 0 0 0 0 5 4 0
C L : 0 0 0 0 5 4 0
C L : 0 0 0 0 5 4 0
C L : 0 0 0 0 5 4 0
C L : 0 0 0 2 6 1 3
C L : 0 0 0 2 6 1 3
C L : 0 0 0 2 6 1 3
C L : 0 0 0 2 6 1 3
C L : 0 0 0 0 5 4 0
C L : 0 0 0 0 5 4 0
C L : 0 0 0 0 5 4 0
C L : 0 0 0 0 5 4 0
C L : 0 0 0 0 5 4 0
C L : 0 0 0 0 5 4 0
C L : 0 0 0 0 5 4 0
C L : 0 0 0 0 0 1 5
C L : 0 0 0 0 0 1 9
C L : 0 0 0 0 5 8 6
C L : 0 0 0 0 6 7 0
C L : 0 0 0 0 0 2 0
C L : 0 0 0 0 0 1 7
C L : 0 0 0 0 0 1 7
C L : 0 0 0 0 5 8 6
C L : 0 0 0 0 5 8 6
C L : 0 0 0 0 2 1 6
C L : 0 0 0 2 3 7 1
C L : 0 0 0 0 5 8 6
C L : 0 0 0 0 5 8 6
C L : 0 0 0 0 5 8 6
C L : 0 0 0 0 2 1 6
C L : 0 0 0 0 5 8 6
C L : 0 0 0 0 0 2 0
C L : 0 0 0 0 5 8 6
C L : 0 0 0 0 5 8 6
C L : 0 0 0 0 5 4 0
C L : 0 0 0 0 5 4 0
C L : 0 0 0 0 5 4 0
C L : 0 0 0 0 5 8 6
C L : 0 0 0 0 0 2 3
C L : 0 0 0 0 3 5 9
C L : 0 0 0 0 2 3 3
C L : 0 0 0 0 3 5 9
C L : 0 0 0 0 6 6 9
C L : 0 0 0 0 6 8 3
C L : 0 0 0 0 0 9 6
C L : 0 0 0 0 6 8 3
C L : 0 0 0 0 0 9 6
C L : 0 0 0 0 5 0 3
C L : 0 0 0 2 0 7 2
C L : 0 0 0 0 2 3 3
C L : 0 0 0 0 1 2 8
C L : 0 0 0 0 2 3 3
C L : 0 0 0 0 3 5 9
C L : 0 0 0 0 6 6 9
C L : 0 0 0 0 6 8 3
C L : 0 0 0 0 0 9 6
C L : 0 0 0 0 6 3 0
C L : 0 0 0 0 6 6 9
C L : 1 0 0 0 6 0 6
C L : 0 0 0 9 0 0 4
C L : 0 0 0 0 6 6 9
C L : 0 0 0 0 5 0 8
C L : 0 0 0 2 0 7 2
C L : 0 0 0 0 5 0 8
C L : 0 0 0 2 0 7 2
C L : 0 0 0 0 5 0 3
C L : 0 0 0 2 0 7 2
C L : 0 0 0 0 6 8 3
C L : 0 0 0 0 0 9 6
C L : 0 0 0 2 3 2 2
C L : 0 0 0 2 3 2 2
C L : 0 0 0 0 6 8 3
C L : 0 0 0 0 0 9 6
C L : 0 0 0 2 1 3 9
C L : 0 0 0 0 5 0 3
C L : 0 0 0 2 0 7 2
C L : 0 0 0 0 5 0 8
C L : 0 0 0 2 0 7 2
C L : 0 0 0 0 5 0 3
C L : 0 0 0 2 0 7 2
C L : 0 0 0 0 6 8 3
C L : 0 0 0 0 0 9 6
C L : 0 0 0 0 5 0 3
C L : 0 0 0 2 0 7 2
C L : 0 0 0 0 5 0 8
C L : 0 0 0 2 0 7 2
C L : 1 0 0 0 6 0 6
C L : 0 0 0 0 6 6 9
C L : 0 0 0 0 5 0 3
C L : 0 0 0 2 0 7 2
C L : 0 0 0 0 5 0 8
C L : 0 0 0 2 0 7 2
C L : 0 0 0 0 5 0 3
C L : 0 0 0 2 0 7 2
C L : 0 0 0 0 6 8 3
C L : 0 0 0 0 0 9 6
C L : 0 0 0 0 1 3 4
C L : 0 0 0 0 6 8 3
C L : 0 0 0 0 0 9 6
C L : 0 0 0 0 5 0 3
C L : 0 0 0 2 0 7 2
C L : 0 0 0 0 5 0 3
C L : 0 0 0 2 0 7 2
C L : 0 0 0 0 5 0 8
C L : 0 0 0 2 0 7 2
C L : 0 0 0 0 5 0 8
C L : 0 0 0 2 0 7 2
C L : 1 0 0 0 6 0 6
C L : 0 0 0 0 0 5 7
C L : 0 0 0 0 6 8 3
C L : 0 0 0 0 0 9 6
C L : 0 0 0 0 6 8 3
C L : 0 0 0 0 0 9 6
C L : 0 0 0 0 6 6 9
C L : 0 0 0 0 5 0 8
C L : 0 0 0 2 0 7 2
C L : 0 0 0 0 6 6 9
C L : 0 0 0 0 6 8 3
C L : 0 0 0 0 0 9 6
C L : 0 0 0 0 5 0 8
C L : 0 0 0 2 0 7 2
C L : 0 0 0 0 6 8 3
C L : 0 0 0 0 0 9 6
C L : 0 0 0 0 6 6 9
C L : 0 0 0 0 6 6 9
C L : 0 0 0 0 6 6 9
C L : 0 0 0 0 6 6 9
C L : 0 0 0 0 6 6 9
C L : 0 0 0 0 6 6 9
C L : 0 0 0 0 6 6 9
C L : 0 0 0 0 6 8 3
C L : 0 0 0 0 0 9 6
C L : 0 0 0 0 6 6 9
C L : 0 0 0 0 6 6 9
C L : 0 0 0 0 6 8 3
C L : 0 0 0 0 0 9 6
C L : 0 0 0 0 1 9 2
C L : 0 0 0 0 6 8 3
C L : 0 0 0 0 0 9 6
C L : 0 0 0 0 5 0 3
C L : 0 0 0 2 0 7 2
C L : 0 0 0 0 6 6 9
C L : 0 0 0 0 6 6 9
C L : 0 0 0 0 6 6 9
C L : 0 0 0 0 6 6 9
C L : 0 0 0 0 5 0 3
C L : 0 0 0 2 0 7 2
C L : 0 0 0 0 6 6 9
C L : 0 0 0 0 6 6 9
C L : 0 0 0 0 6 8 3
C L : 0 0 0 0 0 9 6
C L : 0 0 0 0 6 8 3
C L : 0 0 0 0 0 9 6
C L : 0 0 0 0 6 8 3
C L : 0 0 0 0 0 9 6
C L : 0 0 0 0 6 6 9
C L : 0 0 0 9 0 0 4
C L : 0 0 0 0 6 6 9
C L : 0 0 0 0 6 6 9
C L : 0 0 0 0 6 6 9
C L : 0 0 0 0 6 8 3
C L : 0 0 0 0 0 9 6
C L : 0 0 0 0 6 8 3
C L : 0 0 0 0 0 9 6
C L : 0 0 0 0 6 8 3
C L : 0 0 0 0 0 9 6
C L : 0 0 0 0 6 8 3
C L : 0 0 0 0 0 9 6
C L : 0 0 0 0 5 0 3
C L : 0 0 0 2 0 7 2
C L : 0 0 0 0 6 6 9
C L : 0 0 0 0 6 6 9
C L : 0 0 0 0 6 8 3
C L : 0 0 0 0 0 9 6
C L : 0 0 0 0 6 8 3
C L : 0 0 0 0 0 9 6
C L : 0 0 0 0 6 8 3
C L : 0 0 0 0 0 9 6
C L : 0 0 0 0 0 5 7
C L : 0 0 0 0 6 8 3
C L : 0 0 0 0 0 9 6
C L : 0 0 0 0 6 8 3
C L : 0 0 0 0 0 9 6
C L : 0 0 0 0 6 8 3
C L : 0 0 0 0 0 9 6
C L : 0 0 0 0 0 8 4
C L : 0 0 0 0 6 8 3
C L : 0 0 0 0 0 9 6
C L : 0 0 0 0 6 8 3
C L : 0 0 0 0 0 9 6
C L : 0 0 0 0 6 8 3
C L : 0 0 0 0 0 9 6
C L : 0 0 0 0 6 8 3
C L : 0 0 0 0 0 9 6
C L : 0 0 0 0 6 8 3
C L : 0 0 0 0 0 9 6
C L : 0 0 0 0 6 8 3
C L : 0 0 0 0 0 9 6
C L : 0 0 0 0 6 8 3
C L : 0 0 0 0 0 9 6
C L : 0 0 0 0 6 8 3
C L : 0 0 0 0 0 9 6
C L : 0 0 0 0 6 8 3
C L : 0 0 0 0 0 9 6
C L : 0 0 0 0 6 8 3
C L : 0 0 0 0 0 9 6
C L : 0 0 0 0 6 8 3
C L : 0 0 0 0 0 9 6
C L : 0 0 0 0 6 8 3
C L : 0 0 0 0 0 9 6
C L : 0 0 0 0 6 6 9
C L : 0 0 0 0 6 8 3
C L : 0 0 0 0 0 9 6
C L : 0 0 0 0 5 0 8
C L : 0 0 0 2 0 7 2
C L : 0 0 0 0 5 0 8
C L : 0 0 0 2 0 7 2
C L : 0 0 0 0 5 0 8
C L : 0 0 0 2 0 7 2
C L : 0 0 0 0 5 0 8
C L : 0 0 0 2 0 7 2
C L : 0 0 0 0 5 0 3
C L : 0 0 0 2 0 7 2
C L : 0 0 0 0 5 0 3
C L : 0 0 0 2 0 7 2
C L : 0 0 0 0 6 6 9
C L : 0 0 0 0 5 0 3
C L : 0 0 0 2 0 7 2
C L : 0 0 0 0 6 8 3
C L : 0 0 0 0 0 9 6
C L : 0 0 0 0 6 8 3
C L : 0 0 0 0 0 9 6
C L : 0 0 0 0 5 0 3
C L : 0 0 0 2 0 7 2
C L : 0 0 0 0 5 0 8
C L : 0 0 0 2 0 7 2
C L : 0 0 0 0 1 1 5
C L : 0 0 0 0 5 0 3
C L : 0 0 0 2 0 7 2
C L : 0 0 0 0 5 0 3
C L : 0 0 0 2 0 7 2
C L : 0 0 0 0 5 0 3
C L : 0 0 0 2 0 7 2
C L : 0 0 0 0 5 0 3
C L : 0 0 0 2 0 7 2
C L : 0 0 0 2 3 2 2
C L : 0 0 0 2 3 2 2
C L : 0 0 0 0 6 6 9
C L : 0 0 0 0 6 8 3
C L : 0 0 0 0 0 9 6
C L : 0 0 0 0 6 6 9
C L : 0 0 0 0 6 6 9
C L : 0 0 0 0 0 5 7
C L : 0 0 0 0 2 3 3
C L : 0 0 0 0 2 3 3
C L : 0 0 0 0 6 8 3
C L : 0 0 0 0 0 9 6
C L : 0 0 0 0 3 5 9
C L : 0 0 0 0 6 6 9
C L : 0 0 0 0 3 5 9
C L : 0 0 0 0 3 5 9
C L : 0 0 0 2 3 2 2
C L : 0 0 0 2 3 2 2
C L : 0 0 0 2 3 2 2
C L : 0 0 0 2 3 2 2
C L : 0 0 0 0 6 8 3
C L : 0 0 0 0 0 9 6
C L : 0 0 0 0 1 9 0
C L : 0 0 0 0 5 0 8
C L : 0 0 0 2 0 7 2
C L : 0 0 0 0 5 0 3
C L : 0 0 0 2 0 7 2
C L : 0 0 0 0 5 0 3
C L : 0 0 0 2 0 7 2
C L : 0 0 0 0 6 6 9
C L : 0 0 0 0 6 6 9
C L : 0 0 0 0 6 8 3
C L : 0 0 0 0 0 9 6
C L : 0 0 0 0 6 6 9
C L : 0 0 0 0 6 6 9
C L : 0 0 0 0 5 4 0
C L : 0 0 0 0 1 9 2
C L : 0 0 0 2 3 2 2
C L : 0 0 0 2 3 2 2
C L : 0 0 0 2 3 2 2
C L : 0 0 0 2 3 2 2
C L : 0 0 0 2 3 2 2
C L : 0 0 0 2 3 2 2
C L : 0 0 0 0 1 1 5
C L : 0 0 0 0 2 3 2
C L : 0 0 0 2 4 8 8
C L : 0 0 0 0 1 1 5
C L : 0 0 0 0 4 1 5
C L : 0 0 0 0 3 5 1
C L : 0 0 0 2 3 2 1
C L : 0 0 0 0 0 8 1
C L : 0 0 0 0 1 1 5
C L : 0 0 0 0 3 5 1
C L : 0 0 0 2 3 2 1
C L : 0 0 0 0 0 8 1
C L : 0 0 0 2 4 8 8
C L : 0 0 0 2 3 2 2
C L : 0 0 0 2 3 2 2
C L : 0 0 0 2 3 2 2
C L : 0 0 0 0 0 5 7
C L : 0 0 0 2 3 2 2
C L : 0 0 0 2 3 2 2
C L : 0 0 0 0 0 3 7
C L : 0 0 0 2 3 2 2
C L : 0 0 0 2 3 2 2
C L : 0 0 0 2 3 2 2
C L : 0 0 0 2 3 2 2
C L : 0 0 0 0 0 0 1
C L : 0 0 0 0 0 5 7
C L : 0 0 0 0 0 8 1
C L : 0 0 0 0 2 2 6
C L : 0 0 0 0 0 6 6
C L : 0 0 0 0 0 6 6
C L : 0 0 0 2 2 3 1
C L : 0 0 0 0 0 6 6
C L : 0 0 0 2 2 3 1
C L : 0 0 0 2 2 3 1
C L : 0 0 0 0 0 6 6
C L : 0 0 0 2 2 3 1
C L : 0 0 0 2 3 2 2
C L : 0 0 0 2 3 2 2
C L : 0 0 0 0 2 6 2
C L : 0 0 0 0 0 5 7
C L : 0 0 0 0 0 8 1
C L : 0 0 0 0 8 4 2
C L : 0 0 0 0 0 0 1
C L : 0 0 0 2 3 2 2
C L : 0 0 0 0 0 6 6
C L : 0 0 0 0 5 8 6
C L : 0 0 0 0 5 8 6
C L : 0 0 0 0 6 7 0
C L : 0 0 0 0 5 8 6
C L : 0 0 0 0 5 8 6
C L : 0 0 0 2 3 2 2
C L : 0 0 0 2 3 2 1
C L : 0 0 0 0 5 8 6
C L : 0 0 0 0 0 2 3
C L : 0 0 0 0 5 8 6
C L : 0 0 0 0 5 8 6
C L : 0 0 0 0 0 2 5
C L : 0 0 0 0 0 1 9
C L : 0 0 0 0 5 8 6
C L : 0 0 0 0 0 2 5
C L : 0 0 0 2 3 2 1
C L : 0 0 0 0 5 8 6
C L : 0 0 0 0 5 8 6
C L : 0 0 0 0 5 8 6
C L : 0 0 0 0 5 8 6
C L : 0 0 0 0 6 7 0
C L : 0 0 0 0 0 2 3
C L : 0 0 0 0 5 8 6
C L : 0 0 0 0 5 8 6
C L : 0 0 0 2 3 2 2
C L : 0 0 0 2 3 2 2
C L : 0 0 0 2 3 2 2
C L : 0 0 0 2 3 2 2
C L : 0 0 0 2 3 2 2
C L : 0 0 0 0 3 6 5
C L : 0 0 0 0 5 8 6
C L : 0 0 0 0 5 8 6
C L : 0 0 0 0 5 8 6
C L : 0 0 0 0 5 8 6
C L : 0 0 0 0 0 2 3
C L : 0 0 0 0 5 8 6
C L : 0 0 0 0 5 8 6
C L : 0 0 0 0 6 7 0
C L : 0 0 0 0 0 2 3
C L : 0 0 0 0 0 2 3
C L : 0 0 0 0 0 2 3
C L : 0 0 0 0 2 3 3
C L : 0 0 0 0 0 2 3
C L : 0 0 0 0 3 6 5
C L : 0 0 0 0 0 2 3
C L : 0 0 0 0 3 6 5
C L : 0 0 0 0 5 8 6
C L : 0 0 0 0 5 8 6
C L : 0 0 0 2 3 2 2
C L : 0 0 0 2 3 2 2
C L : 0 0 0 2 3 2 2
C L : 0 0 0 0 6 7 0
C L : 0 0 0 0 0 2 5
C L : 0 0 0 2 3 2 2
C L : 0 0 0 0 0 5 7
C L : 1 0 0 0 4 9 7
C L : 0 0 0 0 1 8 7
C L : 0 0 0 0 0 5 6
C L : 0 0 0 0 1 8 7
C L : 0 0 0 0 0 5 6
C L : 0 0 0 0 0 5 6
C L : 0 0 0 0 1 8 7
C L : 0 0 0 0 0 5 6
C L : 0 0 0 0 1 8 7
C L : 0 0 0 0 1 8 9
C L : 0 0 0 0 0 5 6
C L : 0 0 0 0 0 5 6
C L : 0 0 0 8 0 0 2
C L : 0 0 0 0 1 9 0
C L : 0 0 0 0 0 5 6
C L : 0 0 0 0 1 8 7
C L : 0 0 0 0 1 8 7
C L : 0 0 0 0 1 3 6
C L : 0 0 0 8 0 0 2
C L : 0 0 0 0 0 5 6
C L : 0 0 0 0 0 5 6
C L : 0 0 0 0 1 8 7
C L : 0 0 0 0 0 5 6
C L : 0 0 0 0 0 5 6
C L : 0 0 0 0 0 5 6
C L : 0 0 0 0 0 5 6
C L : 0 0 0 0 1 8 9
C L : 0 0 0 0 0 5 6
C L : 0 0 0 0 1 8 7
C L : 0 0 0 2 3 7 2
C L : 0 0 0 0 0 5 6
C L : 0 0 0 0 0 5 6
C L : 0 0 0 0 0 5 6
C L : 0 0 0 0 0 5 6
C L : 0 0 0 0 0 5 6
C L : 0 0 0 0 0 5 6
C L : 0 0 0 0 0 5 6
C L : 0 0 0 0 0 5 6
C L : 0 0 0 0 0 5 6
C L : 0 0 0 0 1 8 7
C L : 0 0 0 0 0 5 6
C L : 0 0 0 0 0 5 6
C L : 0 0 0 0 0 5 6
C L : 0 0 0 0 0 5 6
C L : 0 0 0 0 0 5 6
C L : 0 0 0 0 0 5 6
C L : 0 0 0 0 0 5 6
C L : 0 0 0 0 1 8 9
C L : 0 0 0 0 1 8 7
C L : 0 0 0 0 1 8 7
C L : 0 0 0 2 3 7 2
C L : 0 0 0 0 0 1 0
C L : 0 0 0 0 1 8 7
C L : 0 0 0 0 1 8 7
C L : 0 0 0 0 1 8 7
C L : 0 0 0 0 1 8 7
C L : 0 0 0 0 0 5 6
C L : 0 0 0 0 0 5 6
C L : 0 0 0 0 1 8 7
C L : 0 0 0 0 1 8 7
C L : 0 0 0 0 1 8 7
C L : 0 0 0 0 1 8 7
C L : 0 0 0 0 0 5 6
C L : 0 0 0 2 3 7 2
C L : 0 0 0 0 1 8 7
C L : 0 0 0 0 1 8 7
C L : 0 0 0 2 3 7 2
C L : 0 0 0 0 0 5 6
C L : 0 0 0 0 1 8 7
C L : 0 0 0 0 1 8 9
C L : 0 0 0 0 1 8 7
C L : 0 0 0 0 1 8 9
C L : 0 0 0 2 3 2 1
C L : 0 0 0 0 1 8 9
C L : 0 0 0 0 1 8 9
C L : 0 0 0 0 1 9 0
C L : 0 0 0 0 1 8 9
C L : 0 0 0 0 1 8 9
C L : 0 0 0 0 1 3 6
C L : 0 0 0 0 1 8 9
C L : 0 0 0 0 1 3 6
C L : 0 0 0 0 1 8 7
C L : 0 0 0 0 0 5 7
C L : 0 0 0 0 0 5 7
C L : 0 0 0 0 1 8 7
C L : 0 0 0 0 1 8 9
C L : 0 0 0 0 1 8 7
C L : 0 0 0 0 1 8 7
C L : 0 0 0 0 1 8 9
C L : 0 0 0 0 1 8 9
C L : 0 0 0 0 1 8 9
C L : 0 0 0 0 1 8 9
C L : 0 0 0 0 1 8 9
C L : 0 0 0 0 1 8 9
C L : 0 0 0 0 1 8 9
C L : 0 0 0 0 1 8 9
C L : 0 0 0 8 0 0 2
C L : 0 0 0 0 1 8 9
C L : 0 0 0 0 1 8 9
C L : 0 0 0 0 1 8 9
C L : 0 0 0 0 1 8 7
C L : 0 0 0 0 1 8 9
C L : 0 0 0 0 1 8 7
C L : 0 0 0 0 0 5 6
C L : 0 0 0 0 1 8 7
C L : 0 0 0 0 0 5 6
C L : 0 0 0 0 6 4 1
C L : 0 0 0 0 0 5 6
C L : 0 0 0 0 0 5 6
C L : 0 0 0 0 0 5 6
C L : 0 0 0 0 8 5 7
C L : 0 0 0 0 1 8 7
C L : 0 0 0 0 1 8 9
C L : 0 0 0 0 1 8 9
C L : 0 0 0 0 1 8 9
C L : 0 0 0 0 1 3 6
C L : 0 0 0 0 0 1 0
C L : 0 0 0 0 3 5 4
C L : 0 0 0 0 0 5 6
C L : 0 0 0 0 0 5 6
C L : 0 0 0 2 3 7 2
C L : 0 0 0 0 0 5 6
C L : 0 0 0 0 0 5 6
C L : 0 0 0 0 0 5 6
C L : 0 0 0 0 0 5 6
C L : 0 0 0 0 0 5 6
C L : 0 0 0 0 0 5 6
C L : 0 0 0 0 0 5 6
C L : 0 0 0 0 0 5 6
C L : 0 0 0 0 1 8 9
C L : 0 0 0 0 0 5 6
C L : 0 0 0 0 0 5 6
C L : 0 0 0 0 0 5 6
C L : 0 0 0 0 0 5 6
C L : 0 0 0 0 1 8 9
C L : 0 0 0 0 0 5 6
C L : 0 0 0 0 0 5 6
C L : 0 0 0 0 0 5 6
C L : 0 0 0 0 0 5 6
C L : 0 0 0 0 0 5 6
C L : 0 0 0 0 0 5 6
C L : 0 0 0 0 0 5 6
C L : 0 0 0 0 0 5 6
C L : 0 0 0 0 0 5 6
C L : 0 0 0 0 0 5 6
C L : 0 0 0 0 0 5 6
C L : 0 0 0 0 0 5 6
C L : 0 0 0 0 0 5 6
C L : 0 0 0 0 0 5 6
C L : 0 0 0 0 0 5 6
C L : 0 0 0 0 1 8 9
C L : 0 0 0 0 0 5 7
C L : 0 0 0 0 0 5 7
C L : 0 0 0 0 0 5 7
C L : 0 0 0 0 0 5 6
C L : 0 0 0 2 3 7 2
C L : 0 0 0 0 0 5 6
C L : 0 0 0 0 1 8 7
C L : 0 0 0 0 7 4 6
C L : 0 0 0 2 2 1 4
C L : 0 0 0 0 1 8 7
C L : 0 0 0 0 1 9 0
C L : 0 0 0 0 1 9 0
C L : 0 0 0 0 1 8 7
C L : 0 0 0 0 1 8 7
C L : 0 0 0 0 1 8 7
C L : 0 0 0 0 1 9 0
C L : 0 0 0 2 0 6 3
C L : 0 0 0 2 3 2 2
C L : 0 0 0 0 4 4 5
C L : 0 0 0 0 4 4 5
C L : 0 0 0 0 0 3 4
C L : 0 0 0 2 3 2 2
C L : 0 0 0 0 4 4 5
C L : 0 0 0 0 4 4 5
C L : 0 0 0 0 4 4 5
C L : 0 0 0 0 4 4 5
C L : 0 0 0 2 3 2 2
C L : 0 0 0 2 3 2 2
C L : 0 0 0 2 3 2 2
C L : 0 0 0 2 3 2 2
C L : 0 0 0 2 3 2 2
C L : 0 0 0 2 3 2 2
C L : 0 0 0 2 3 2 2
C L : 0 0 0 2 3 2 2
C L : 0 0 0 2 3 2 2
C L : 0 0 0 2 3 2 2
C L : 0 0 0 2 3 2 2
C L : 0 0 0 2 3 2 2
C L : 0 0 0 2 3 2 2
C L : 0 0 0 2 3 2 2
C L : 0 0 0 2 3 2 2
C L : 0 0 0 2 3 2 2
C L : 0 0 0 2 3 2 2
C L : 0 0 0 2 3 2 2
C L : 0 0 0 2 2 4 2
C L : 0 0 0 0 2 3 3
C L : 0 0 0 0 2 2 1
C L : 0 0 0 0 2 2 1
C L : 0 0 0 0 5 7 1
C L : 0 0 0 0 2 2 1
C L : 0 0 0 0 2 2 1
C L : 0 0 0 0 2 2 1
C L : 0 0 0 0 2 2 1
C L : 0 0 0 0 2 2 2
C L : 0 0 0 0 1 3 4
C L : 0 0 0 0 2 2 3
C L : 0 0 0 0 1 3 4
C L : 0 0 0 2 3 2 2
C L : 0 0 0 2 3 2 2
C L : 0 0 0 2 3 2 2
C L : 0 0 0 2 3 2 2
C L : 0 0 0 2 3 2 2
C L : 0 0 0 2 3 2 2
C L : 0 0 0 2 3 2 2
C L : 0 0 0 2 3 2 2
C L : 0 0 0 0 0 3 4
C L : 0 0 0 0 0 3 4
C L : 0 0 0 2 3 2 2
C L : 0 0 0 2 3 2 2
C L : 0 0 0 2 3 2 2
C L : 0 0 0 2 3 2 2
C L : 0 0 0 0 7 3 8
C L : 0 0 0 0 5 4 0
C L : 0 0 0 0 6 5 3
C L : 0 0 0 2 3 2 2
C L : 0 0 0 2 3 2 2
C L : 0 0 0 2 3 2 2
C L : 0 0 0 2 3 2 2
C L : 0 0 0 2 3 2 2
C L : 0 0 0 2 3 2 2
C L : 0 0 0 0 6 5 3
C L : 0 0 0 2 3 2 2
C L : 0 0 0 2 3 2 2
C L : 0 0 0 2 3 2 2
C L : 0 0 0 2 3 2 2
C L : 0 0 0 2 3 2 2
C L : 0 0 0 2 3 2 2
C L : 0 0 0 0 6 5 3
C L : 0 0 0 0 0 7 0
C L : 0 0 0 0 5 4 0
C L : 0 0 0 0 2 3 2
C L : 0 0 0 0 2 3 2
C L : 0 0 0 0 7 6 5
C L : 0 0 0 0 7 3 8
C L : 0 0 0 0 3 6 5
C L : 0 0 0 0 0 7 6
C L : 0 0 0 0 1 8 2
C L : 0 0 0 0 1 8 2
C L : 0 0 0 0 7 6 7
C L : 0 0 0 0 8 9 3
C L : 0 0 0 0 7 6 7
C L : 0 0 0 0 8 9 3
C L : 0 0 0 0 0 8 4
C L : 0 0 0 0 7 6 5
C L : 0 0 0 0 6 5 3
C L : 0 0 0 2 3 2 2
C L : 0 0 0 0 6 5 3
C L : 0 0 0 0 2 3 2
C L : 0 0 0 0 2 3 2
C L : 0 0 0 0 7 6 5
C L : 0 0 0 0 2 3 2
C L : 0 0 0 0 6 5 3
C L : 0 0 0 0 7 6 7
C L : 0 0 0 0 5 4 2
C L : 0 0 0 0 5 4 2
C L : 0 0 0 0 7 6 7
C L : 0 0 0 0 8 9 3
C L : 0 0 0 2 3 2 2
C L : 0 0 0 2 3 2 2
C L : 0 0 0 1 0 3 1
C L : 0 0 0 1 0 3 1
C L : 0 0 0 1 0 3 1
C L : 0 0 0 2 3 2 2
C L : 0 0 0 2 3 2 2
C L : 0 0 0 2 3 2 2
C L : 0 0 0 1 0 3 1
C L : 0 0 0 0 5 4 0
C L : 0 0 0 0 5 4 0
C L : 0 0 0 0 5 4 0
C L : 0 0 0 0 5 4 0
C L : 0 0 0 0 5 4 0
C L : 0 0 0 0 5 4 0
C L : 0 0 0 0 5 4 0
C L : 0 0 0 0 5 4 0
C L : 0 0 0 0 5 4 0
C L : 0 0 0 0 5 4 0
C L : 0 0 0 0 5 4 0
C L : 0 0 0 0 5 4 0
C L : 0 0 0 0 5 4 0
C L : 0 0 0 0 5 4 0
C L : 0 0 0 0 5 4 0
C L : 0 0 0 0 5 4 0
C L : 0 0 0 0 5 4 0
C L : 0 0 0 0 5 4 0
C L : 0 0 0 0 5 4 0
C L : 0 0 0 0 5 4 0
C L : 0 0 0 0 5 4 0
C L : 0 0 0 0 5 4 0
C L : 0 0 0 0 5 4 0
C L : 0 0 0 0 5 4 0
C L : 0 0 0 0 0 4 7
C L : 0 0 0 0 0 3 4
C L : 0 0 0 0 0 4 7
C L : 0 0 0 0 5 4 0
C L : 0 0 0 0 5 4 0
C L : 0 0 0 0 5 4 0
C L : 0 0 0 0 5 4 0
C L : 0 0 0 0 5 4 0
C L : 0 0 0 0 5 4 0
C L : 0 0 0 0 5 4 0
C L : 0 0 0 0 5 4 0
C L : 0 0 0 0 5 4 0
C L : 0 0 0 0 5 4 0
C L : 0 0 0 0 5 4 0
C L : 0 0 0 0 5 4 0
C L : 0 0 0 0 5 4 0
C L : 0 0 0 0 5 4 0
C L : 0 0 0 0 5 4 0
C L : 0 0 0 0 5 4 0
C L : 0 0 0 0 5 4 0
C L : 0 0 0 0 5 4 0
C L : 0 0 0 0 5 4 0
C L : 0 0 0 0 5 4 0
C L : 0 0 0 0 5 4 0
C L : 0 0 0 0 5 4 0
C L : 0 0 0 2 6 1 3
C L : 0 0 0 0 5 4 0
C L : 0 0 0 0 5 4 0
C L : 0 0 0 0 5 4 0
C L : 0 0 0 0 5 4 0
C L : 0 0 0 0 5 4 0
C L : 0 0 0 0 5 4 0
C L : 0 0 0 0 5 4 0
C L : 0 0 0 0 5 4 0
C L : 0 0 0 0 5 4 0
C L : 0 0 0 0 6 8 1
C L : 0 0 0 0 5 4 0
C L : 0 0 0 0 6 8 1
C L : 0 0 0 0 6 8 1
C L : 0 0 0 0 5 4 0
C L : 0 0 0 0 6 8 1
C L : 0 0 0 0 6 8 1
C L : 0 0 0 2 6 1 3
C L : 0 0 0 0 5 4 0
C L : 0 0 0 0 5 4 0
C L : 0 0 0 0 5 4 0
C L : 0 0 0 0 5 4 0
C L : 0 0 0 0 5 4 0
C L : 0 0 0 0 5 4 0
C L : 0 0 0 0 5 4 0
C L : 0 0 0 0 5 4 0
C L : 0 0 0 0 5 4 0
C L : 0 0 0 0 5 4 0
C L : 0 0 0 0 5 4 0
C L : 0 0 0 0 5 4 0
C L : 0 0 0 0 5 4 0
C L : 0 0 0 0 5 4 0
C L : 0 0 0 0 5 4 0
C L : 0 0 0 0 5 4 0
C L : 0 0 0 0 5 4 0
C L : 0 0 0 0 5 4 0
C L : 0 0 0 0 5 4 0
C L : 0 0 0 0 5 4 0
C L : 0 0 0 0 5 4 0
C L : 0 0 0 0 5 4 0
C L : 0 0 0 0 5 4 0
C L : 0 0 0 0 5 4 0
C L : 0 0 0 0 5 4 0
C L : 0 0 0 0 5 4 0
C L : 0 0 0 0 5 4 0
C L : 0 0 0 0 5 4 0
C L : 0 0 0 0 5 4 0
C L : 0 0 0 0 5 4 0
C L : 0 0 0 0 5 4 0
C L : 0 0 0 0 5 4 0
C L : 0 0 0 0 5 4 0
C L : 0 0 0 0 5 4 0
C L : 0 0 0 0 5 4 0
C L : 0 0 0 0 5 4 0
C L : 0 0 0 0 5 4 0
C L : 0 0 0 0 5 4 0
C L : 0 0 0 0 5 4 0
C L : 0 0 0 0 5 4 0
C L : 0 0 0 0 5 4 0
C L : 0 0 0 0 5 4 0
C L : 0 0 0 0 5 4 0
C L : 0 0 0 0 5 4 0
C L : 0 0 0 0 5 4 0
C L : 0 0 0 0 5 4 0
C L : 0 0 0 0 5 4 0
C L : 0 0 0 0 5 4 0
C L : 0 0 0 0 5 4 0
C L : 0 0 0 0 5 4 0
C L : 0 0 0 0 5 4 0
C L : 0 0 0 0 5 4 0
C L : 0 0 0 0 5 4 0
C L : 0 0 0 0 5 4 0
C L : 0 0 0 0 5 4 0
C L : 0 0 0 0 0 3 1
C L : 0 0 0 0 5 4 0
C L : 0 0 0 0 5 4 0
C L : 0 0 0 0 5 4 0
C L : 0 0 0 0 5 4 0
C L : 0 0 0 0 5 4 0
C L : 0 0 0 0 5 4 0
C L : 0 0 0 0 5 4 0
C L : 0 0 0 0 5 4 0
C L : 0 0 0 0 5 4 0
C L : 0 0 0 0 5 4 0
C L : 0 0 0 0 5 4 0
C L : 0 0 0 0 5 4 0
C L : 0 0 0 0 5 4 0
C L : 0 0 0 0 5 4 0
C L : 0 0 0 0 5 4 0
C L : 0 0 0 0 5 4 0
C L : 0 0 0 0 5 4 0
C L : 0 0 0 0 5 4 0
C L : 0 0 0 0 5 4 0
C L : 0 0 0 0 5 4 0
C L : 0 0 0 0 5 4 0
C L : 0 0 0 2 3 2 2
C L : 0 0 0 2 3 2 2
C L : 0 0 0 2 3 2 2
C L : 0 0 0 2 3 2 2
C L : 0 0 0 2 3 2 2
C L : 0 0 0 0 5 4 0
C L : 0 0 0 0 6 8 1
C L : 0 0 0 0 6 8 1
C L : 0 0 0 0 6 8 1
C L : 0 0 0 0 6 8 1
C L : 0 0 0 0 5 4 0
C L : 0 0 0 0 5 4 0
C L : 0 0 0 0 5 4 0
C L : 0 0 0 0 5 4 0
C L : 0 0 0 0 5 4 0
C L : 0 0 0 0 5 4 0
C L : 0 0 0 0 5 4 0
C L : 0 0 0 0 5 4 0
C L : 0 0 0 0 5 4 0
C L : 0 0 0 0 5 4 0
C L : 0 0 0 0 5 4 0
C L : 0 0 0 0 5 4 0
C L : 0 0 0 0 5 4 0
C L : 0 0 0 0 5 4 0
C L : 0 0 0 0 5 4 0
C L : 0 0 0 0 5 4 0
C L : 0 0 0 0 5 4 0
C L : 0 0 0 0 5 4 0
C L : 0 0 0 0 5 4 0
C L : 0 0 0 0 5 4 0
C L : 0 0 0 0 5 4 0
C L : 0 0 0 0 5 4 0
C L : 0 0 0 0 0 3 4
C L : 0 0 0 0 5 4 0
C L : 0 0 0 0 0 9 4
C L : 0 0 0 0 6 9 6
C L : 0 0 0 0 2 3 5
C L : 0 0 0 0 6 9 6
C L : 0 0 0 0 2 3 5
C L : 0 0 0 0 0 9 6
C L : 0 0 0 0 2 3 5
C L : 0 0 0 0 6 9 6
C L : 0 0 0 0 2 3 5
C L : 0 0 0 0 0 9 4
C L : 0 0 0 0 6 9 6
C L : 0 0 0 0 6 9 6
C L : 0 0 0 0 2 3 5
C L : 0 0 0 0 0 9 6
C L : 0 0 0 0 2 3 5
C L : 0 0 0 0 6 9 6
C L : 0 0 0 0 2 3 5
C L : 0 0 0 0 0 9 6
C L : 0 0 0 0 2 3 5
C L : 0 0 0 0 6 9 6
C L : 0 0 0 0 2 3 5
C L : 0 0 0 0 0 9 6
C L : 0 0 0 0 2 3 5
C L : 0 0 0 0 0 9 6
C L : 0 0 0 0 2 3 5
C L : 0 0 0 0 0 9 6
C L : 0 0 0 0 2 3 5
C L : 0 0 0 0 0 9 6
C L : 0 0 0 0 2 3 5
C L : 0 0 0 0 6 9 6
C L : 0 0 0 0 2 3 5
C L : 0 0 0 9 0 0 2
C L : 0 0 0 0 2 3 3
C L : 0 0 0 0 6 9 6
C L : 0 0 0 0 2 3 5
C L : 0 0 0 0 0 9 6
C L : 0 0 0 0 6 9 6
C L : 0 0 0 0 6 9 6
C L : 0 0 0 0 6 9 6
C L : 0 0 0 0 6 9 6
C L : 0 0 0 0 6 9 6
C L : 0 0 0 0 6 9 6
C L : 0 0 0 0 4 5 1
C L : 0 0 0 0 0 8 4
C L : 0 0 0 0 0 9 6
C L : 0 0 0 0 2 3 5
C L : 0 0 0 0 2 3 5
C L : 0 0 0 0 2 3 5
C L : 0 0 0 0 6 9 6
C L : 0 0 0 0 2 3 5
C L : 0 0 0 0 6 9 6
C L : 0 0 0 0 2 3 5
C L : 0 0 0 0 5 5 8
C L : 0 0 0 0 5 5 8
C L : 0 0 0 0 5 5 8
C L : 0 0 0 0 5 5 8
C L : 0 0 0 0 5 5 8
C L : 0 0 0 0 8 5 5
C L : 0 0 0 0 6 3 0
C L : 0 0 0 0 8 5 5
C L : 0 0 0 0 6 3 0
C L : 0 0 0 0 8 5 5
C L : 0 0 0 0 8 5 5
C L : 0 0 0 0 6 3 0
C L : 0 0 0 0 8 5 5
C L : 0 0 0 0 8 5 5
C L : 0 0 0 0 6 3 0
C L : 0 0 0 0 8 5 5
C L : 0 0 0 0 6 3 0
C L : 0 0 0 0 8 5 5
C L : 0 0 0 0 8 5 5
C L : 0 0 0 0 6 3 0
C L : 0 0 0 0 8 5 5
C L : 0 0 0 0 8 5 5
C L : 0 0 0 0 8 5 5
C L : 0 0 0 0 6 3 0
C L : 0 0 0 0 0 2 3
C L : 0 0 0 2 3 2 2
C L : 0 0 0 2 3 2 2
C L : 0 0 0 0 0 5 7
C L : 0 0 0 0 8 5 5
C L : 0 0 0 0 8 5 5
C L : 0 0 0 0 8 5 5
C L : 0 0 0 0 8 5 5
C L : 0 0 0 0 5 8 9
C L : 0 0 0 0 6 0 1
C L : 0 0 0 0 8 5 5
C L : 0 0 0 0 8 5 5
C L : 0 0 0 0 8 5 5
C L : 0 0 0 0 8 5 5
C L : 0 0 0 0 8 5 5
C L : 0 0 0 0 8 5 5
C L : 0 0 0 0 8 5 5
C L : 0 0 0 0 8 5 5
C L : 0 0 0 0 5 8 9
C L : 0 0 0 0 6 0 1
C L : 0 0 0 0 8 5 5
C L : 0 0 0 0 8 5 5
C L : 0 0 0 0 6 3 0
C L : 0 0 0 0 8 5 5
C L : 0 0 0 0 6 3 0
C L : 0 0 0 0 8 5 5
C L : 0 0 0 0 5 8 9
C L : 0 0 0 0 6 3 5
C L : 0 0 0 5 0 1 5
C L : 0 0 0 0 5 8 9
C L : 0 0 0 0 6 0 1
C L : 0 0 0 0 6 3 0
C L : 0 0 0 0 5 8 9
C L : 0 0 0 0 6 3 0
C L : 0 0 0 5 0 1 5
C L : 0 0 0 0 6 0 1
C L : 0 0 0 0 6 3 0
C L : 0 0 0 0 6 3 5
C L : 0 0 0 0 5 8 9
C L : 0 0 0 0 6 0 1
C L : 0 0 0 0 5 8 9
C L : 0 0 0 0 6 0 1
C L : 0 0 0 0 6 3 5
C L : 0 0 0 0 8 5 5
C L : 0 0 0 0 6 3 0
C L : 0 0 0 0 8 5 5
C L : 0 0 0 0 6 3 0
C L : 0 0 0 0 8 5 5
C L : 0 0 0 0 5 8 9
C L : 0 0 0 0 6 3 5
C L : 0 0 0 5 0 1 5
C L : 0 0 0 0 8 5 5
C L : 0 0 0 0 6 3 0
C L : 0 0 0 0 8 5 5
C L : 0 0 0 0 5 8 9
C L : 0 0 0 0 5 8 9
C L : 0 0 0 0 6 0 1
C L : 0 0 0 0 6 0 1
C L : 0 0 0 0 2 1 6
C L : 0 0 0 0 6 3 0
C L : 0 0 0 0 8 5 5
C L : 0 0 0 0 6 3 0
C L : 0 0 0 0 8 5 5
C L : 0 0 0 0 8 5 5
C L : 0 0 0 0 6 3 0
C L : 0 0 0 0 8 5 5
C L : 0 0 0 0 8 5 5
C L : 0 0 0 0 8 5 5
C L : 0 0 0 0 8 5 5
C L : 0 0 0 0 8 5 5
C L : 0 0 0 0 8 5 5
C L : 0 0 0 0 8 5 5
C L : 0 0 0 0 8 5 5
C L : 0 0 0 0 5 8 9
C L : 0 0 0 0 6 0 1
C L : 0 0 0 0 5 8 9
C L : 0 0 0 0 8 5 5
C L : 0 0 0 0 8 5 5
C L : 0 0 0 0 8 5 5
C L : 0 0 0 0 8 5 5
C L : 0 0 0 0 8 5 5
C L : 0 0 0 0 8 5 5
C L : 0 0 0 0 8 5 5
C L : 0 0 0 0 8 5 5
C L : 0 0 0 0 8 5 5
C L : 0 0 0 0 6 3 0
C L : 0 0 0 0 8 5 5
C L : 0 0 0 0 8 5 5
C L : 0 0 0 0 6 3 0
C L : 0 0 0 0 8 5 5
C L : 0 0 0 0 6 3 0
C L : 0 0 0 0 8 5 5
C L : 0 0 0 0 6 3 0
C L : 0 0 0 0 8 5 5
C L : 0 0 0 0 8 5 5
C L : 0 0 0 0 8 5 5
C L : 0 0 0 0 8 5 5
C L : 0 0 0 0 5 8 9
C L : 0 0 0 0 8 5 5
C L : 0 0 0 0 6 0 1
C L : 0 0 0 0 6 3 5
C L : 0 0 0 0 8 5 5
C L : 0 0 0 0 6 3 0
C L : 0 0 0 0 8 5 5
C L : 0 0 0 0 8 5 5
C L : 0 0 0 0 5 8 9
C L : 0 0 0 0 6 0 1
C L : 0 0 0 0 8 5 5
C L : 0 0 0 0 5 8 9
C L : 0 0 0 0 5 8 9
C L : 0 0 0 0 5 8 9
C L : 0 0 0 0 6 0 1
C L : 0 0 0 0 5 8 9
C L : 0 0 0 0 5 8 9
C L : 0 0 0 0 8 5 5
C L : 0 0 0 0 5 8 9
C L : 0 0 0 0 0 5 7
C L : 0 0 0 0 0 3 4
C L : 0 0 0 0 6 8 1
C L : 0 0 0 0 8 5 5
C L : 0 0 0 0 8 5 5
C L : 0 0 0 0 0 3 1
C L : 0 0 0 0 5 4 0
C L : 0 0 0 0 8 5 5
C L : 0 0 0 0 0 3 1
C L : 0 0 0 2 3 2 2
C L : 0 0 0 2 3 2 2
C L : 0 0 0 2 3 2 2
C L : 0 0 0 0 0 5 7
C L : 0 0 0 2 3 2 2
C L : 0 0 0 0 0 1 0
C L : 0 0 0 2 3 2 2
C L : 0 0 0 2 3 2 2
C L : 0 0 0 2 3 2 2
C L : 0 0 0 2 3 2 2
C L : 0 0 0 2 3 2 2
C L : 0 0 0 0 7 3 8
C L : 0 0 0 0 0 8 2
C L : 0 0 0 0 0 8 4
C L : 0 0 0 2 3 2 2
C L : 0 0 0 0 5 8 6
C L : 0 0 0 0 5 4 2
C L : 0 0 0 0 5 4 2
C L : 0 0 0 0 0 1 5
C L : 0 0 0 0 0 1 0
C L : 0 0 0 2 3 2 2
C L : 0 0 0 0 5 4 2
C L : 0 0 0 2 3 2 2
C L : 0 0 0 2 2 5 3
C L : 0 0 0 2 3 2 2
C L : 0 0 0 2 3 2 2
C L : 0 0 0 2 3 2 2
C L : 0 0 0 2 3 2 2
C L : 0 0 0 2 3 2 2
C L : 0 0 0 2 3 2 2
C L : 0 0 0 2 3 2 2
C L : 0 0 0 2 3 2 2
C L : 0 0 0 2 3 2 2
C L : 0 0 0 2 3 2 2
C L : 0 0 0 2 2 5 4
C L : 0 0 0 2 2 5 3
C L : 0 0 0 2 2 5 3
C L : 0 0 0 0 5 8 6
C L : 0 0 0 2 3 2 2
C L : 0 0 0 2 3 2 2
C L : 0 0 0 2 3 2 2
C L : 0 0 0 2 3 2 2
C L : 0 0 0 0 2 1 2
C L : 0 0 0 0 0 6 6
C L : 0 0 0 0 1 5 8
C L : 0 0 0 2 3 2 2
C L : 0 0 0 2 3 2 2
C L : 0 0 0 2 3 2 2
C L : 0 0 0 2 3 2 2
C L : 0 0 0 2 3 2 2
C L : 0 0 0 0 2 2 2
C L : 0 0 0 0 9 8 8
C L : 0 0 0 2 6 1 1
C L : 0 0 0 0 2 2 1
C L : 0 0 0 0 3 5 2
C L : 0 0 0 0 1 5 8
C L : 0 0 0 0 0 6 6
C L : 0 0 0 2 3 2 2
C L : 0 0 0 2 3 2 2
C L : 0 0 0 2 3 2 2
C L : 0 0 0 2 3 2 2
C L : 0 0 0 0 3 0 0
C L : 0 0 0 0 9 8 8
C L : 0 0 0 0 9 8 8
C L : 0 0 0 0 0 1 0
C L : 0 0 0 0 3 0 0
C L : 0 0 0 2 3 2 2
C L : 0 0 0 0 9 8 8
C L : 0 0 0 0 0 1 0
C L : 0 0 0 0 0 1 0
C L : 0 0 0 0 5 4 2
C L : 0 0 0 2 3 2 2
C L : 0 0 0 2 3 2 2
C L : 0 0 0 0 5 4 8
C L : 0 0 0 0 6 7 6
C L : 0 0 0 0 0 6 2
C L : 0 0 0 0 0 6 2
C L : 0 0 0 0 1 3 4
C L : 0 0 0 7 0 1 0
C L : 0 0 0 0 1 3 4
C L : 0 0 0 0 1 3 4
C L : 0 0 0 2 3 2 2
C L : 0 0 0 2 3 2 2
C L : 0 0 0 0 0 5 7
C L : 0 0 0 0 0 5 7
C L : 0 0 0 0 0 5 7
C L : 0 0 0 0 0 0 1
C L : 0 0 0 0 1 3 4
C L : 0 0 0 2 3 2 2
C L : 0 0 0 2 3 2 2
C L : 0 0 0 2 3 2 2
C L : 0 0 0 2 3 2 2
C L : 0 0 0 0 0 0 1
C L : 0 0 0 0 2 3 3
C L : 0 0 0 2 3 2 2
C L : 0 0 0 2 3 2 2
C L : 0 0 0 2 3 2 2
C L : 0 0 0 2 3 2 2
C L : 0 0 0 2 3 2 2
C L : 0 0 0 2 3 2 2
C L : 0 0 0 0 0 0 1
C L : 0 0 0 0 0 0 1
C L : 0 0 0 0 1 3 4
C L : 0 0 0 0 0 0 1
C L : 0 0 0 0 1 3 4
C L : 0 0 0 2 3 2 2
C L : 0 0 0 0 0 0 1
C L : 0 0 0 0 1 3 4
C L : 0 0 0 0 0 0 1
C L : 0 0 0 0 1 3 4
C L : 0 0 0 2 3 2 2
C L : 0 0 0 2 3 2 2
C L : 0 0 0 0 0 6 9
C L : 0 0 0 0 0 5 7
C L : 0 0 0 0 7 7 5
C L : 0 0 0 0 7 7 5
C L : 0 0 0 0 6 4 6
C L : 0 0 0 0 0 8 4
C L : 0 0 0 0 7 7 5
C L : 0 0 0 0 7 7 5
C L : 0 0 0 0 7 7 1
C L : 0 0 0 0 7 7 5
C L : 0 0 0 0 7 7 5
C L : 0 0 0 0 0 8 4
C L : 0 0 0 0 6 4 6
C L : 0 0 0 0 0 6 7
C L : 0 0 0 0 7 7 1
C L : 0 0 0 0 7 7 1
C L : 0 0 0 0 7 7 1
C L : 0 0 0 0 7 7 1
C L : 0 0 0 0 3 1 9
C L : 0 0 0 0 7 7 5
C L : 0 0 0 0 2 3 5
C L : 0 0 0 0 2 3 5
C L : 0 0 0 0 0 8 4
C L : 0 0 0 0 3 1 9
C L : 0 0 0 0 7 7 5
C L : 0 0 0 0 0 9 7
C L : 0 0 0 0 3 1 9
C L : 0 0 0 0 7 3 8
C L : 0 0 0 9 0 0 2
C L : 0 0 0 0 8 2 8
C L : 0 0 0 0 8 2 8
C L : 0 0 0 0 7 7 5
C L : 0 0 0 0 7 7 5
C L : 0 0 0 0 7 7 5
C L : 0 0 0 0 0 9 4
C L : 0 0 0 0 7 6 3
C L : 0 0 0 0 7 7 5
C L : 0 0 0 0 0 5 7
C L : 0 0 0 0 0 6 9
C L : 0 0 0 0 7 6 3
C L : 0 0 0 0 1 3 8
C L : 0 0 0 0 1 3 7
C L : 0 0 0 0 7 7 5
C L : 0 0 0 0 0 5 7
C L : 0 0 0 0 0 6 9
C L : 0 0 0 0 1 0 3
C L : 0 0 0 0 0 6 9
C L : 0 0 0 0 5 7 3
C L : 0 0 0 0 1 4 7
C L : 0 0 0 0 0 0 7
C L : 0 0 0 0 0 5 7
C L : 1 0 0 1 5 0 2
C L : 0 0 0 0 7 6 3
C L : 0 0 0 0 0 5 0
C L : 0 0 0 0 7 7 5
C L : 0 0 0 0 3 0 0
C L : 0 0 0 0 1 3 7
C L : 0 0 0 0 8 2 8
C L : 0 0 0 0 8 2 8
C L : 0 0 0 0 7 6 3
C L : 0 0 0 0 7 6 3
C L : 0 0 0 2 3 2 2
C L : 0 0 0 0 7 7 5
C L : 0 0 0 0 7 6 3
C L : 0 0 0 0 7 7 5
C L : 0 0 0 0 7 7 5
C L : 0 0 0 0 7 7 5
C L : 0 0 0 0 7 7 5
C L : 0 0 0 0 7 7 5
C L : 0 0 0 0 7 7 6
C L : 0 0 0 0 7 7 6
C L : 0 0 0 0 0 9 6
C L : 0 0 0 2 3 2 2
C L : 0 0 0 0 7 7 1
C L : 0 0 0 0 8 2 8
C L : 0 0 0 0 8 2 8
C L : 0 0 0 0 0 9 4
C L : 0 0 0 0 0 9 4
C L : 0 0 0 0 8 2 8
C L : 0 0 0 0 8 2 8
C L : 0 0 0 2 3 2 7
C L : 0 0 0 0 1 3 6
C L : 0 0 0 0 4 9 9
C L : 0 0 0 0 4 9 9
C L : 0 0 0 0 4 9 9
C L : 0 0 0 2 3 2 7
C L : 0 0 0 0 0 5 7
C L : 0 0 0 2 3 2 2
C L : 0 0 0 2 3 2 2
C L : 0 0 0 0 4 4 5
C L : 0 0 0 0 5 8 6
C L : 0 0 0 2 3 2 2
C L : 0 0 0 0 1 5 1
C L : 0 0 0 0 3 2 2
C L : 0 0 0 2 3 2 7
C L : 0 0 0 0 0 6 8
C L : 0 0 0 0 3 2 2
C L : 0 0 0 0 0 6 8
C L : 0 0 0 0 3 2 2
C L : 0 0 0 0 0 6 8
C L : 0 0 0 0 0 6 8
C L : 0 0 0 0 4 4 5
C L : 0 0 0 0 0 6 6
C L : 0 0 0 0 4 4 5
C L : 0 0 0 0 4 9 9
C L : 0 0 0 0 3 2 2
C L : 0 0 0 0 0 6 8
C L : 0 0 0 0 3 2 2
C L : 0 0 0 2 3 2 7
C L : 0 0 0 0 4 9 9
C L : 0 0 0 2 3 2 7
C L : 0 0 0 2 4 5 1
C L : 0 0 0 0 0 6 8
C L : 0 0 0 0 0 6 6
C L : 0 0 0 0 0 6 8
C L : 0 0 0 0 0 6 6
C L : 0 0 0 0 4 9 9
C L : 0 0 0 0 0 6 8
C L : 0 0 0 0 0 6 6
C L : 0 0 0 0 0 6 8
C L : 0 0 0 2 3 2 7
C L : 0 0 0 0 0 5 7
C L : 0 0 0 2 3 2 2
C L : 0 0 0 0 0 5 7
C L : 0 0 0 2 3 2 2
C L : 0 0 0 2 3 2 2
C L : 0 0 0 0 1 3 6
C L : 0 0 0 0 0 6 6
C L : 0 0 0 2 3 2 7
C L : 0 0 0 0 4 4 5
C L : 0 0 0 0 0 6 6
C L : 0 0 0 0 0 5 7
C L : 0 0 0 0 0 6 8
C L : 0 0 0 0 4 8 4
C L : 0 0 0 0 4 9 9
C L : 0 0 0 0 1 1 1
C L : 0 0 0 0 4 8 4
C L : 0 0 0 0 0 6 8
C L : 0 0 0 0 4 8 4
C L : 1 0 0 0 4 9 4
C L : 0 0 0 0 0 0 1
C L : 1 0 0 0 4 9 7
C L : 1 0 0 0 4 9 7
C L : 0 0 0 0 2 3 3
C L : 0 0 0 0 0 1 9
C L : 0 0 0 0 2 1 0
C L : 0 0 0 0 6 3 8
C L : 1 0 0 0 4 5 4
C L : 1 0 0 0 4 9 7
C L : 1 0 0 0 4 9 7
C L : 0 0 0 0 0 8 2
C L : 1 0 0 1 2 2 5
C L : 1 0 0 0 4 9 4
C L : 1 0 0 0 4 9 4
C L : 0 0 0 0 0 0 1
C L : 0 0 0 0 0 0 1
C L : 1 0 0 0 4 9 7
C L : 0 0 0 0 0 0 1
C L : 0 0 0 0 0 5 7
C L : 1 0 0 0 4 9 7
C L : 0 0 0 0 0 5 7
C L : 0 0 0 2 3 5 4
C L : 0 0 0 2 6 1 7
C L : 0 0 0 0 0 1 9
C L : 1 0 0 1 2 2 5
C L : 0 0 0 2 2 1 1
C L : 0 0 0 0 4 4 5
C L : 0 0 0 0 0 6 6
C L : 1 0 0 0 4 9 4
C L : 0 0 0 0 0 6 6
C L : 0 0 0 0 0 1 9
C L : 0 0 0 0 2 1 0
C L : 0 0 0 0 0 0 1
C L : 0 0 0 0 2 3 3
C L : 1 0 0 0 4 9 4
C L : 0 0 0 0 4 4 5
C L : 0 0 0 0 0 6 6
C L : 0 0 0 0 0 5 7
C L : 0 0 0 2 6 8 1
C L : 0 0 0 0 0 5 7
C L : 0 0 0 0 0 0 1
C L : 1 0 0 0 4 9 4
C L : 1 0 0 0 4 9 4
C L : 0 0 0 0 0 0 1
C L : 1 0 0 0 4 9 7
C L : 0 0 0 0 0 8 4
C L : 0 0 0 0 0 5 7
C L : 0 0 0 0 0 0 1
C L : 1 0 0 0 4 9 7
C L : 0 0 0 0 0 5 7
C L : 0 0 0 0 0 1 9
C L : 1 0 0 0 4 9 4
C L : 0 0 0 0 0 6 6
C L : 0 0 0 0 4 4 5
C L : 0 0 0 0 3 0 1
C L : 0 0 0 0 3 0 1
C L : 0 0 0 0 1 4 7
C L : 0 0 0 0 4 5 7
C L : 0 0 0 0 4 5 7
C L : 0 0 0 0 1 3 6
C L : 0 0 0 0 2 3 5
C L : 0 0 0 0 1 3 6
C L : 0 0 0 0 2 3 5
C L : 0 0 0 0 1 7 1
C L : 0 0 0 0 2 3 5
C L : 0 0 0 0 1 7 1
C L : 0 0 0 0 1 4 7
C L : 0 0 0 0 3 0 1
C L : 0 0 0 0 1 4 7
C L : 0 0 0 0 1 4 7
C L : 0 0 0 0 3 0 1
C L : 0 0 0 0 3 0 1
C L : 0 0 0 0 1 3 6
C L : 0 0 0 0 1 3 6
C L : 0 0 0 0 1 3 6
C L : 0 0 0 0 4 8 4
C L : 0 0 0 0 1 4 7
C L : 0 0 0 0 3 0 1
C L : 0 0 0 0 1 4 7
C L : 0 0 0 0 1 4 7
C L : 0 0 0 0 1 4 7
C L : 0 0 0 0 1 4 7
C L : 0 0 0 0 3 0 1
C L : 0 0 0 0 1 4 7
C L : 0 0 0 0 3 0 1
C L : 0 0 0 0 3 0 1
C L : 0 0 0 0 2 3 5
C L : 0 0 0 0 2 3 5
C L : 0 0 0 0 2 3 5
C L : 0 0 0 0 3 0 1
C L : 0 0 0 0 3 0 1
C L : 0 0 0 0 1 3 6
C L : 0 0 0 0 1 3 6
C L : 0 0 0 0 1 3 6
C L : 0 0 0 0 1 3 6
C L : 0 0 0 0 1 4 7
C L : 0 0 0 0 3 0 1
C L : 0 0 0 0 3 0 1
C L : 0 0 0 0 3 0 1
C L : 0 0 0 0 1 4 7
C L : 0 0 0 0 1 4 7
C L : 0 0 0 0 3 0 1
C L : 0 0 0 5 0 1 9
C L : 0 0 0 0 3 0 1
C L : 0 0 0 0 1 7 1
C L : 0 0 0 0 1 4 7
C L : 0 0 0 0 3 0 1
C L : 0 0 0 0 2 3 5
C L : 0 0 0 0 2 3 5
C L : 0 0 0 0 1 4 7
C L : 0 0 0 0 1 4 7
C L : 0 0 0 0 3 0 1
C L : 0 0 0 0 3 0 1
C L : 0 0 0 2 3 1 1
C L : 0 0 0 0 3 0 1
C L : 0 0 0 0 3 0 1
C L : 0 0 0 0 1 4 7
C L : 0 0 0 0 3 0 1
C L : 0 0 0 2 5 6 1
C L : 0 0 0 0 1 6 9
C L : 0 0 0 0 5 4 0
C L : 0 0 0 2 5 6 1
C L : 0 0 0 2 5 6 1
C L : 0 0 0 0 1 2 9
C L : 0 0 0 2 5 6 1
C L : 0 0 0 0 3 0 6
C L : 0 0 0 0 1 6 2
C L : 0 0 0 0 3 0 1
C L : 0 0 0 0 3 0 1
C L : 0 0 0 0 3 0 1
C L : 0 0 0 2 0 8 0
C L : 0 0 0 0 3 0 1
C L : 0 0 0 0 5 4 0
C L : 0 0 0 2 5 6 1
C L : 0 0 0 0 3 0 1
C L : 0 0 0 0 1 6 8
C L : 0 0 0 2 5 6 1
C L : 0 0 0 0 3 0 1
C L : 0 0 0 0 3 0 1
C L : 0 0 0 0 1 4 3
C L : 0 0 0 0 1 4 3
C L : 0 0 0 0 3 0 1
C L : 0 0 0 2 5 6 1
C L : 0 0 0 0 1 4 3
C L : 0 0 0 2 5 6 1
C L : 0 0 0 0 3 0 1
C L : 0 0 0 0 1 2 9
C L : 0 0 0 2 5 6 1
C L : 0 0 0 2 5 6 1
C L : 0 0 0 2 5 6 1
C L : 0 0 0 0 3 0 1
C L : 0 0 0 0 3 0 1
C L : 0 0 0 0 3 0 1
C L : 0 0 0 0 3 0 6
C L : 0 0 0 0 1 6 2
C L : 0 0 0 0 3 0 1
C L : 0 0 0 0 3 0 1
C L : 0 0 0 0 1 7 1
C L : 0 0 0 0 1 7 1
C L : 0 0 0 0 3 0 1
C L : 0 0 0 0 3 0 1
C L : 0 0 0 0 3 0 1
C L : 0 0 0 0 3 0 1
C L : 0 0 0 0 3 0 1
C L : 0 0 0 0 3 0 1
C L : 0 0 0 0 3 0 1
C L : 0 0 0 0 3 0 1
C L : 0 0 0 2 5 6 1
C L : 0 0 0 0 1 2 9
C L : 0 0 0 2 5 6 1
C L : 0 0 0 2 5 6 1
C L : 0 0 0 0 3 0 1
C L : 0 0 0 0 3 0 1
C L : 0 0 0 2 5 6 1
C L : 0 0 0 0 1 2 9
C L : 0 0 0 2 5 6 1
C L : 0 0 0 0 1 2 9
C L : 0 0 0 2 5 6 1
C L : 0 0 0 2 5 6 1
C L : 0 0 0 0 3 0 1
C L : 0 0 0 0 3 0 1
C L : 0 0 0 2 5 6 1
C L : 0 0 0 2 5 6 1
C L : 0 0 0 0 3 0 1
C L : 0 0 0 2 5 6 1
C L : 0 0 0 0 3 0 1
C L : 0 0 0 2 5 6 1
C L : 0 0 0 0 3 0 1
C L : 0 0 0 0 3 0 1
C L : 0 0 0 2 5 6 1
C L : 0 0 0 0 3 0 1
C L : 0 0 0 0 3 0 1
C L : 0 0 0 0 3 0 1
C L : 0 0 0 2 5 6 1
C L : 0 0 0 0 3 0 1
C L : 0 0 0 0 3 0 1
C L : 0 0 0 2 5 6 1
C L : 0 0 0 2 5 6 1
C L : 0 0 0 0 3 0 1
C L : 0 0 0 0 3 0 1
C L : 0 0 0 0 3 0 1
C L : 0 0 0 0 1 7 1
C L : 0 0 0 0 1 2 9
C L : 0 0 0 2 5 6 1
C L : 0 0 0 0 3 0 1
C L : 0 0 0 0 3 0 1
C L : 0 0 0 0 3 0 1
C L : 0 0 0 0 3 0 1
C L : 0 0 0 0 1 2 9
C L : 0 0 0 2 5 6 1
C L : 0 0 0 2 5 6 1
C L : 0 0 0 0 3 0 1
C L : 0 0 0 0 1 6 2
C L : 0 0 0 0 3 0 1
C L : 0 0 0 0 3 0 1
C L : 0 0 0 2 5 6 1
C L : 0 0 0 2 5 6 1
C L : 0 0 0 0 3 0 1
C L : 0 0 0 0 3 0 6
C L : 0 0 0 0 3 0 6
C L : 0 0 0 0 3 0 6
C L : 0 0 0 0 3 0 1
C L : 0 0 0 2 5 6 1
C L : 0 0 0 2 5 6 1
C L : 0 0 0 2 5 6 1
C L : 0 0 0 0 3 0 1
C L : 0 0 0 2 5 6 1
C L : 0 0 0 0 3 0 1
C L : 0 0 0 0 3 0 1
C L : 0 0 0 0 3 0 1
C L : 0 0 0 2 5 6 1
C L : 0 0 0 0 3 0 1
C L : 0 0 0 0 1 2 9
C L : 0 0 0 2 5 6 1
C L : 0 0 0 0 1 2 9
C L : 0 0 0 2 5 6 1
C L : 0 0 0 2 5 6 1
C L : 0 0 0 2 5 6 1
C L : 0 0 0 0 3 0 1
C L : 0 0 0 2 5 6 1
C L : 0 0 0 0 3 0 1
C L : 0 0 0 2 5 6 1
C L : 0 0 0 0 3 0 1
C L : 0 0 0 0 3 0 1
C L : 0 0 0 0 1 2 9
C L : 0 0 0 2 5 6 1
C L : 0 0 0 2 5 6 1
C L : 0 0 0 0 3 0 1
C L : 0 0 0 2 5 6 1
C L : 0 0 0 0 1 2 9
C L : 0 0 0 2 5 6 1
C L : 0 0 0 2 5 6 1
C L : 0 0 0 2 5 6 1
C L : 0 0 0 2 5 6 1
C L : 0 0 0 0 3 0 1
C L : 0 0 0 0 3 0 6
C L : 0 0 0 0 3 0 6
C L : 0 0 0 0 3 0 1
C L : 0 0 0 0 3 0 1
C L : 0 0 0 2 5 6 1
C L : 0 0 0 0 3 0 1
C L : 0 0 0 0 3 0 1
C L : 0 0 0 0 3 0 1
C L : 0 0 0 0 3 0 1
C L : 0 0 0 0 3 0 1
C L : 0 0 0 0 3 0 1
C L : 0 0 0 0 3 0 1
C L : 0 0 0 0 6 8 2
C L : 0 0 0 0 0 8 4
C L : 0 0 0 0 0 6 6
C L : 0 0 0 0 0 8 0
C L : 0 0 0 0 5 4 5
C L : 0 0 0 0 4 4 5
C L : 0 0 0 0 2 3 6
C L : 0 0 0 0 0 8 4
C L : 0 0 0 0 4 5 1
C L : 0 0 0 0 0 9 6
C L : 0 0 0 0 0 9 6
C L : 0 0 0 0 6 8 2
C L : 0 0 0 0 0 9 6
C L : 0 0 0 0 6 8 2
C L : 0 0 0 0 0 8 4
C L : 0 0 0 0 0 8 4
C L : 0 0 0 0 0 8 4
C L : 0 0 0 0 0 8 4
C L : 0 0 0 0 0 8 4
C L : 0 0 0 0 0 8 4
C L : 0 0 0 0 8 9 8
C L : 0 0 0 0 8 1 5
C L : 0 0 0 0 1 8 7
C L : 0 0 0 0 8 9 8
C L : 0 0 0 0 8 1 5
C L : 0 0 0 0 1 8 7
C L : 0 0 0 0 0 8 4
C L : 0 0 0 0 0 8 4
C L : 0 0 0 0 6 8 2
C L : 0 0 0 0 0 8 4
C L : 0 0 0 0 8 9 5
C L : 0 0 0 0 8 0 6
C L : 0 0 0 0 2 3 6
C L : 0 0 0 0 0 8 4
C L : 0 0 0 0 2 3 6
C L : 0 0 0 0 0 8 4
C L : 0 0 0 0 4 5 1
C L : 0 0 0 0 6 8 2
C L : 0 0 0 0 2 6 1
C L : 0 0 0 0 6 8 2
C L : 0 0 0 0 0 8 4
C L : 0 0 0 0 0 8 4
C L : 0 0 0 0 0 8 4
C L : 0 0 0 0 4 4 5
C L : 0 0 0 0 0 8 4
C L : 0 0 0 0 7 3 8
C L : 0 0 0 0 8 9 5
C L : 0 0 0 0 8 0 6
C L : 0 0 0 0 0 6 6
C L : 0 0 0 0 6 8 2
C L : 0 0 0 0 6 8 2
C L : 0 0 0 0 0 8 4
C L : 0 0 0 0 8 9 5
C L : 0 0 0 0 8 9 5
C L : 0 0 0 0 2 3 2
C L : 0 0 0 0 6 8 2
C L : 0 0 0 0 0 8 4
C L : 0 0 0 0 0 8 4
C L : 0 0 0 0 0 8 4
C L : 0 0 0 0 0 8 4
C L : 0 0 0 0 0 8 4
C L : 0 0 0 0 2 2 5
C L : 0 0 0 0 8 1 5
C L : 0 0 0 0 8 1 3
C L : 0 0 0 0 0 8 4
C L : 0 0 0 0 4 4 5
C L : 0 0 0 0 0 8 4
C L : 0 0 0 0 4 4 5
C L : 0 0 0 0 0 8 4
C L : 0 0 0 0 0 8 4
C L : 0 0 0 0 4 4 5
C L : 0 0 0 0 0 8 4
C L : 0 0 0 2 0 2 8
C L : 0 0 0 0 4 5 1
C L : 0 0 0 0 0 8 4
C L : 0 0 0 2 0 2 8
C L : 0 0 0 0 4 5 1
C L : 0 0 0 0 0 9 6
C L : 0 0 0 0 6 8 2
C L : 0 0 0 0 6 8 2
C L : 0 0 0 0 0 8 4
C L : 0 0 0 0 0 8 4
C L : 0 0 0 0 0 8 4
C L : 0 0 0 0 0 8 4
C L : 0 0 0 0 5 4 0
C L : 0 0 0 0 5 4 0
C L : 0 0 0 0 5 4 0
C L : 0 0 0 0 0 2 0
C L : 0 0 0 0 5 4 0
C L : 0 0 0 0 5 4 0
C L : 0 0 0 0 5 0 1
C L : 0 0 0 0 5 9 8
C L : 0 0 0 0 5 9 8
C L : 0 0 0 0 1 2 0
C L : 0 0 0 0 5 4 0
C L : 0 0 0 0 5 4 0
C L : 0 0 0 0 5 9 8
