C L : 1 0 0 0 4 0 5
C L : 0 0 0 2 2 0 6
C L : 0 0 0 2 2 0 6
C L : 1 0 0 0 4 0 5
C L : 1 0 0 0 4 0 5
C L : 0 0 0 2 2 0 6
C L : 1 0 0 0 4 0 5
C L : 1 0 0 0 4 0 5
C L : 1 0 0 0 4 0 5
C L : 1 0 0 0 4 0 5
C L : 1 0 0 0 4 0 5
C L : 0 0 0 0 9 2 7
C L : 0 0 0 2 2 0 6
C L : 0 0 0 0 9 2 7
C L : 0 0 0 2 5 1 5
C L : 0 0 0 0 9 2 7
C L : 0 0 0 2 2 0 6
C L : 0 0 0 2 2 0 6
C L : 0 0 0 2 2 0 6
C L : 1 0 0 0 4 0 5
C L : 1 0 0 0 4 0 5
C L : 1 0 0 0 4 0 5
C L : 1 0 0 0 4 0 5
C L : 1 0 0 0 4 0 5
C L : 1 0 0 0 4 0 5
C L : 1 0 0 0 4 0 5
C L : 0 0 0 2 0 1 3
C L : 0 0 0 2 2 0 6
C L : 0 0 0 2 2 0 6
C L : 1 0 0 0 4 0 5
C L : 1 0 0 0 4 0 5
C L : 1 0 0 0 4 0 5
C L : 1 0 0 0 4 0 5
C L : 1 0 0 0 4 0 5
C L : 0 0 0 2 2 0 6
C L : 0 0 0 2 2 0 6
C L : 0 0 0 2 2 0 6
C L : 1 0 0 0 4 0 5
C L : 1 0 0 0 4 0 5
C L : 0 0 0 2 2 0 6
C L : 0 0 0 2 2 0 6
C L : 0 0 0 2 2 0 6
C L : 0 0 0 2 2 0 6
C L : 0 0 0 2 2 0 6
C L : 1 0 0 0 4 0 5
C L : 1 0 0 0 4 0 5
C L : 0 0 0 2 2 0 6
C L : 0 0 0 2 2 0 6
C L : 0 0 0 2 2 0 6
C L : 0 0 0 2 2 0 6
C L : 1 0 0 0 4 0 5
C L : 1 0 0 0 4 0 5
C L : 1 0 0 0 4 0 5
C L : 1 0 0 0 4 0 5
C L : 0 0 0 2 2 0 6
C L : 0 0 0 2 2 0 6
C L : 0 0 0 2 2 0 6
C L : 1 0 0 0 4 0 5
C L : 1 0 0 0 4 0 5
C L : 0 0 0 2 2 0 6
C L : 0 0 0 2 2 0 6
C L : 1 0 0 0 4 0 5
C L : 0 0 0 2 2 0 6
C L : 0 0 0 0 9 0 7
C L : 0 0 0 0 3 1 2
C L : 1 0 0 0 4 0 5
C L : 0 0 0 0 3 6 4
C L : 0 0 0 0 3 1 2
C L : 0 0 0 0 9 7 2
C L : 1 0 0 0 4 0 5
C L : 1 0 0 0 4 0 5
C L : 0 0 0 2 2 0 6
C L : 1 0 0 0 4 0 5
C L : 1 0 0 0 4 0 5
C L : 1 0 0 0 4 0 5
C L : 0 0 0 0 3 6 4
C L : 0 0 0 0 3 1 2
C L : 1 0 0 0 4 0 5
C L : 1 0 0 0 4 0 5
C L : 0 0 0 0 9 2 7
C L : 1 0 0 0 4 0 5
C L : 1 0 0 0 4 0 5
C L : 0 0 0 2 2 0 6
C L : 0 0 0 2 2 0 6
C L : 0 0 0 2 2 0 6
C L : 0 0 0 2 2 0 6
C L : 1 0 0 0 4 0 5
C L : 1 0 0 0 4 0 5
C L : 1 0 0 0 4 0 5
C L : 1 0 0 0 4 0 5
C L : 1 0 0 0 4 0 5
C L : 1 0 0 0 4 0 5
C L : 1 0 0 0 4 0 5
C L : 0 0 0 2 2 0 6
C L : 0 0 0 2 2 0 6
C L : 0 0 0 2 2 0 6
C L : 0 0 0 2 2 0 6
C L : 1 0 0 0 4 0 5
C L : 1 0 0 0 4 0 5
C L : 1 0 0 0 4 0 5
C L : 1 0 0 0 4 0 5
C L : 1 0 0 0 4 0 5
C L : 1 0 0 0 4 0 5
C L : 1 0 0 0 4 0 5
C L : 0 0 0 0 8 9 5
C L : 0 0 0 2 2 1 0
C L : 0 0 0 2 6 0 5
C L : 0 0 0 0 1 3 1
C L : 0 0 0 0 9 9 2
C L : 1 0 0 0 4 5 2
C L : 1 0 0 0 4 5 2
C L : 0 0 0 2 6 0 5
C L : 0 0 0 2 6 0 5
C L : 0 0 0 0 4 8 7
C L : 0 0 0 2 1 2 3
C L : 0 0 0 2 6 0 5
C L : 0 0 0 2 6 0 5
C L : 0 0 0 2 6 0 5
C L : 0 0 0 0 4 8 7
C L : 0 0 0 2 6 0 5
C L : 0 0 0 0 9 9 2
C L : 0 0 0 2 6 0 5
C L : 0 0 0 2 6 0 5
C L : 1 0 0 0 4 0 5
C L : 1 0 0 0 4 0 5
C L : 1 0 0 0 4 0 5
C L : 0 0 0 2 6 0 5
C L : 0 0 0 0 3 4 2
C L : 0 0 0 2 4 6 8
C L : 1 0 0 0 3 3 0
C L : 0 0 0 2 4 6 8
C L : 0 0 0 2 3 8 9
0
C L : 0 0 0 0 0 4 0
0
C L : 0 0 0 0 0 4 0
C L : 0 0 0 0 8 2 6
C L : 0 0 0 0 1 0 7
C L : 1 0 0 0 3 3 0
C L : 0 0 0 0 6 0 0
C L : 1 0 0 0 3 3 0
C L : 0 0 0 2 4 6 8
C L : 0 0 0 2 3 8 9
0
C L : 0 0 0 0 0 4 0
C L : 0 0 0 2 3 8 3
C L : 0 0 0 2 3 8 9
C L : 0 0 0 2 3 2 3
C L : 0 0 0 0 1 4 3
C L : 0 0 0 2 3 8 9
C L : 0 0 0 0 8 2 6
C L : 0 0 0 0 1 0 7
C L : 0 0 0 0 8 2 6
C L : 0 0 0 0 1 0 7
C L : 0 0 0 0 8 2 6
C L : 0 0 0 0 1 0 7
0
C L : 0 0 0 0 0 4 0
C L : 0 0 1 1 1 0 4
C L : 0 0 1 1 1 0 4
0
C L : 0 0 0 0 0 4 0
C L : 0 0 0 2 4 8 1
C L : 0 0 0 0 8 2 6
C L : 0 0 0 0 1 0 7
C L : 0 0 0 0 8 2 6
C L : 0 0 0 0 1 0 7
C L : 0 0 0 0 8 2 6
C L : 0 0 0 0 1 0 7
0
C L : 0 0 0 0 0 4 0
C L : 0 0 0 0 8 2 6
C L : 0 0 0 0 1 0 7
C L : 0 0 0 0 8 2 6
C L : 0 0 0 0 1 0 7
C L : 0 0 0 2 3 2 3
C L : 0 0 0 2 3 8 9
C L : 0 0 0 0 8 2 6
C L : 0 0 0 0 1 0 7
C L : 0 0 0 0 8 2 6
C L : 0 0 0 0 1 0 7
C L : 0 0 0 0 8 2 6
C L : 0 0 0 0 1 0 7
0
C L : 0 0 0 0 0 4 0
C L : 1 0 0 0 2 7 7
0
C L : 0 0 0 0 0 4 0
C L : 0 0 0 0 8 2 6
C L : 0 0 0 0 1 0 7
C L : 0 0 0 0 8 2 6
C L : 0 0 0 0 1 0 7
C L : 0 0 0 0 8 2 6
C L : 0 0 0 0 1 0 7
C L : 0 0 0 0 8 2 6
C L : 0 0 0 0 1 0 7
C L : 0 0 0 2 3 2 3
C L : 1 0 0 0 3 2 2
0
C L : 0 0 0 0 0 4 0
0
C L : 0 0 0 0 0 4 0
C L : 0 0 0 2 3 8 9
C L : 0 0 0 0 8 2 6
C L : 0 0 0 0 1 0 7
C L : 0 0 0 2 3 8 9
0
C L : 0 0 0 0 0 4 0
C L : 0 0 0 0 8 2 6
C L : 0 0 0 0 1 0 7
0
C L : 0 0 0 0 0 4 0
C L : 0 0 0 2 3 8 9
C L : 0 0 0 2 3 8 9
C L : 0 0 0 2 3 8 9
C L : 0 0 0 2 3 8 9
C L : 0 0 0 2 3 8 9
C L : 0 0 0 2 3 8 9
C L : 0 0 0 2 3 8 9
0
C L : 0 0 0 0 0 4 0
C L : 0 0 0 2 3 8 9
C L : 0 0 0 2 3 8 9
0
C L : 0 0 0 0 0 4 0
C L : 0 0 0 1 0 2 5
0
C L : 0 0 0 0 0 4 0
C L : 0 0 0 0 8 2 6
C L : 0 0 0 0 1 0 7
C L : 0 0 0 2 3 8 9
C L : 0 0 0 2 3 8 9
C L : 0 0 0 2 3 8 9
C L : 0 0 0 2 3 8 9
C L : 0 0 0 0 8 2 6
C L : 0 0 0 0 1 0 7
C L : 0 0 0 2 3 8 9
C L : 0 0 0 2 3 8 9
0
C L : 0 0 0 0 0 4 0
0
C L : 0 0 0 0 0 4 0
0
C L : 0 0 0 0 0 4 0
C L : 0 0 0 2 3 8 9
C L : 0 0 0 0 1 4 3
C L : 0 0 0 2 3 8 9
C L : 0 0 0 2 3 8 9
C L : 0 0 0 2 3 8 9
0
C L : 0 0 0 0 0 4 0
0
C L : 0 0 0 0 0 4 0
0
C L : 0 0 0 0 0 4 0
0
C L : 0 0 0 0 0 4 0
C L : 0 0 0 0 8 2 6
C L : 0 0 0 0 1 0 7
C L : 0 0 0 2 3 8 9
C L : 0 0 0 2 3 8 9
0
C L : 0 0 0 0 0 4 0
0
C L : 0 0 0 0 0 4 0
0
C L : 0 0 0 0 0 4 0
C L : 1 0 0 0 3 2 2
0
C L : 0 0 0 0 0 4 0
0
C L : 0 0 0 0 0 4 0
0
C L : 0 0 0 0 0 4 0
C L : 0 0 0 0 7 8 7
0
C L : 0 0 0 0 0 4 0
0
C L : 0 0 0 0 0 4 0
0
C L : 0 0 0 0 0 4 0
0
C L : 0 0 0 0 0 4 0
0
C L : 0 0 0 0 0 4 0
0
C L : 0 0 0 0 0 4 0
0
C L : 0 0 0 0 0 4 0
0
C L : 0 0 0 0 0 4 0
0
C L : 0 0 0 0 0 4 0
0
C L : 0 0 0 0 0 4 0
0
C L : 0 0 0 0 0 4 0
0
C L : 0 0 0 0 0 4 0
C L : 0 0 0 2 3 8 9
0
C L : 0 0 0 0 0 4 0
C L : 0 0 0 0 8 2 6
C L : 0 0 0 0 1 0 7
C L : 0 0 0 0 8 2 6
C L : 0 0 0 0 1 0 7
C L : 0 0 0 0 8 2 6
C L : 0 0 0 0 1 0 7
C L : 0 0 0 0 8 2 6
C L : 0 0 0 0 1 0 7
C L : 0 0 0 0 8 2 6
C L : 0 0 0 0 1 0 7
C L : 0 0 0 0 8 2 6
C L : 0 0 0 0 1 0 7
C L : 0 0 0 2 3 8 9
C L : 0 0 0 0 8 2 6
C L : 0 0 0 0 1 0 7
0
C L : 0 0 0 0 0 4 0
0
C L : 0 0 0 0 0 4 0
C L : 0 0 0 0 8 2 6
C L : 0 0 0 0 1 0 7
C L : 0 0 0 0 8 2 6
C L : 0 0 0 0 1 0 7
C L : 0 0 0 0 8 9 3
C L : 0 0 0 0 8 2 6
C L : 0 0 0 0 1 0 7
C L : 0 0 0 0 8 2 6
C L : 0 0 0 0 1 0 7
C L : 0 0 0 0 8 2 6
C L : 0 0 0 0 1 0 7
C L : 0 0 0 0 8 2 6
C L : 0 0 0 0 1 0 7
C L : 0 0 1 1 1 0 4
C L : 0 0 1 1 1 0 4
C L : 0 0 0 2 3 8 9
0
C L : 0 0 0 0 0 4 0
C L : 0 0 0 2 3 8 9
C L : 0 0 0 2 3 8 9
C L : 1 0 0 0 3 2 2
C L : 1 0 0 0 3 3 0
C L : 1 0 0 0 3 3 0
0
C L : 0 0 0 0 0 4 0
C L : 0 0 0 2 4 6 8
C L : 0 0 0 2 3 8 9
C L : 0 0 0 2 4 6 8
C L : 0 0 0 2 4 6 8
C L : 0 0 1 1 1 0 4
C L : 0 0 1 1 1 0 4
C L : 0 0 1 1 1 0 4
C L : 0 0 1 1 1 0 4
0
C L : 0 0 0 0 0 4 0
C L : 0 0 0 2 3 2 8
C L : 0 0 0 0 8 2 6
C L : 0 0 0 0 1 0 7
C L : 0 0 0 0 8 2 6
C L : 0 0 0 0 1 0 7
C L : 0 0 0 0 8 2 6
C L : 0 0 0 0 1 0 7
C L : 0 0 0 2 3 8 9
C L : 0 0 0 2 3 8 9
0
C L : 0 0 0 0 0 4 0
C L : 0 0 0 2 3 8 9
C L : 0 0 0 2 3 8 9
C L : 1 0 0 0 4 0 5
C L : 0 0 0 1 0 2 5
C L : 0 0 1 1 1 0 4
C L : 0 0 1 1 1 0 4
C L : 0 0 1 1 1 0 4
C L : 0 0 1 1 1 0 4
C L : 0 0 1 1 1 0 4
C L : 0 0 1 1 1 0 4
C L : 0 0 0 0 8 9 3
C L : 0 0 0 0 7 2 2
C L : 0 0 0 0 0 0 5
C L : 0 0 0 0 8 9 3
C L : 0 0 0 0 4 2 6
C L : 0 0 0 0 4 2 1
C L : 0 0 0 0 0 0 7
C L : 0 0 0 0 3 4 1
C L : 0 0 0 0 8 9 3
C L : 0 0 0 0 4 2 1
C L : 0 0 0 0 0 0 7
C L : 0 0 0 0 3 4 1
C L : 0 0 0 0 0 0 5
C L : 0 0 1 1 1 0 4
C L : 0 0 1 1 1 0 4
C L : 0 0 1 1 1 0 4
C L : 1 0 0 0 3 2 2
C L : 0 0 1 1 1 0 4
C L : 0 0 1 1 1 0 4
C L : 0 0 0 0 9 5 5
C L : 0 0 1 1 1 0 4
C L : 0 0 1 1 1 0 4
C L : 0 0 1 1 1 0 4
C L : 0 0 1 1 1 0 4
C L : 0 0 0 0 7 9 6
C L : 1 0 0 0 3 2 2
C L : 0 0 0 0 3 4 1
C L : 0 0 0 0 6 1 4
C L : 0 0 0 0 2 0 3
C L : 0 0 0 0 2 0 3
C L : 0 0 0 2 5 4 0
C L : 0 0 0 0 2 0 3
C L : 0 0 0 2 5 4 0
C L : 0 0 0 2 5 4 0
C L : 0 0 0 0 2 0 3
C L : 0 0 0 2 5 4 0
C L : 0 0 1 1 1 0 4
C L : 0 0 1 1 1 0 4
C L : 0 0 0 0 7 6 3
C L : 1 0 0 0 3 2 2
C L : 0 0 0 0 3 4 1
C L : 1 0 0 0 3 8 0
C L : 0 0 0 0 7 9 6
C L : 0 0 1 1 1 0 4
C L : 0 0 0 0 2 0 3
C L : 0 0 0 2 6 0 5
C L : 0 0 0 2 6 0 5
C L : 0 0 0 0 1 3 1
C L : 0 0 0 2 6 0 5
C L : 0 0 0 2 6 0 5
C L : 0 0 1 1 1 0 4
C L : 0 0 0 0 0 0 7
C L : 0 0 0 2 6 0 5
C L : 0 0 0 0 3 4 2
C L : 0 0 0 2 6 0 5
C L : 0 0 0 2 6 0 5
C L : 0 0 0 0 3 9 9
C L : 0 0 0 2 2 1 0
C L : 0 0 0 2 6 0 5
C L : 0 0 0 0 3 9 9
C L : 0 0 0 0 0 0 7
C L : 0 0 0 2 6 0 5
C L : 0 0 0 2 6 0 5
C L : 0 0 0 2 6 0 5
C L : 0 0 0 2 6 0 5
C L : 0 0 0 0 1 3 1
C L : 0 0 0 0 3 4 2
C L : 0 0 0 2 6 0 5
C L : 0 0 0 2 6 0 5
C L : 0 0 1 1 1 0 4
C L : 0 0 1 1 1 0 4
C L : 0 0 1 1 1 0 4
C L : 0 0 1 1 1 0 4
C L : 0 0 1 1 1 0 4
C L : 1 0 0 0 3 6 7
C L : 0 0 0 2 6 0 5
C L : 0 0 0 2 6 0 5
C L : 0 0 0 2 6 0 5
C L : 0 0 0 2 6 0 5
C L : 0 0 0 0 3 4 2
C L : 0 0 0 2 6 0 5
C L : 0 0 0 2 6 0 5
C L : 0 0 0 0 1 3 1
C L : 0 0 0 0 3 4 2
C L : 0 0 0 0 3 4 2
C L : 0 0 0 0 3 4 2
C L : 0 0 0 2 6 1 8
C L : 0 0 0 0 3 4 2
C L : 1 0 0 0 3 6 7
C L : 0 0 0 0 3 4 2
C L : 1 0 0 0 3 6 7
C L : 0 0 0 2 6 0 5
C L : 0 0 0 2 6 0 5
C L : 0 0 1 1 1 0 4
C L : 0 0 1 1 1 0 4
C L : 0 0 1 1 1 0 4
C L : 0 0 0 0 1 3 1
C L : 0 0 0 0 3 9 9
C L : 0 0 1 1 1 0 4
C L : 1 0 0 0 3 2 2
C L : 0 0 0 0 6 6 1
C L : 0 0 0 2 6 4 4
C L : 1 0 0 0 2 8 1
C L : 0 0 0 2 6 4 4
C L : 1 0 0 0 2 8 1
C L : 1 0 0 0 2 8 1
C L : 0 0 0 2 6 4 4
C L : 1 0 0 0 2 8 1
C L : 0 0 0 2 6 4 4
C L : 0 0 0 2 3 0 3
C L : 1 0 0 0 2 8 1
C L : 1 0 0 0 2 8 1
C L : 0 0 0 2 0 5 0
C L : 0 0 0 0 1 0 8
C L : 1 0 0 0 2 8 1
C L : 0 0 0 2 6 4 4
C L : 0 0 0 2 6 4 4
C L : 0 0 0 0 3 7 6
C L : 0 0 0 2 0 5 0
C L : 1 0 0 0 2 8 1
C L : 1 0 0 0 2 8 1
C L : 0 0 0 2 6 4 4
C L : 1 0 0 0 2 8 1
C L : 1 0 0 0 2 8 1
C L : 1 0 0 0 2 8 1
C L : 1 0 0 0 2 8 1
C L : 0 0 0 2 0 0 1
C L : 1 0 0 0 2 8 1
C L : 0 0 0 2 6 4 4
C L : 1 0 0 0 3 7 2
C L : 1 0 0 0 2 8 1
C L : 1 0 0 0 2 8 1
C L : 1 0 0 0 2 8 1
C L : 0 0 0 0 0 3 4
C L : 1 0 0 0 2 8 1
C L : 1 0 0 0 2 8 1
C L : 1 0 0 0 2 8 1
C L : 1 0 0 0 2 8 1
C L : 1 0 0 0 2 8 1
C L : 0 0 0 2 6 4 4
C L : 1 0 0 0 2 8 1
C L : 1 0 0 0 2 8 1
C L : 1 0 0 0 2 8 1
C L : 1 0 0 0 2 8 1
C L : 1 0 0 0 2 8 1
C L : 1 0 0 0 2 8 1
C L : 1 0 0 0 2 8 1
C L : 0 0 0 2 0 0 1
C L : 0 0 0 2 6 4 4
C L : 0 0 0 2 6 4 4
C L : 1 0 0 0 3 7 2
C L : 0 0 0 0 5 8 1
C L : 0 0 0 2 6 4 4
C L : 0 0 0 2 6 4 4
C L : 0 0 0 2 6 4 4
C L : 0 0 0 2 6 4 4
C L : 0 0 0 0 0 3 4
C L : 1 0 0 0 2 8 1
C L : 0 0 0 2 6 4 4
C L : 0 0 0 2 6 4 4
C L : 0 0 0 2 6 4 4
C L : 0 0 0 2 6 4 4
C L : 1 0 0 0 2 8 1
C L : 1 0 0 0 3 7 2
C L : 0 0 0 2 6 4 4
C L : 0 0 0 2 6 4 4
C L : 1 0 0 0 3 7 2
C L : 1 0 0 0 2 8 1
C L : 0 0 0 2 6 4 4
C L : 0 0 0 2 0 2 0
C L : 0 0 0 2 6 4 4
C L : 0 0 0 0 8 1 3
C L : 0 0 0 0 0 0 7
C L : 0 0 0 2 0 2 0
C L : 0 0 0 2 0 2 0
C L : 0 0 0 0 1 0 8
C L : 0 0 0 2 0 2 0
C L : 0 0 0 2 0 2 0
C L : 0 0 0 0 1 0 8
C L : 0 0 0 0 8 1 3
C L : 0 0 0 0 1 0 8
C L : 0 0 0 2 6 4 4
C L : 1 0 0 0 3 2 2
C L : 1 0 0 0 3 2 2
C L : 0 0 0 2 6 4 4
C L : 0 0 0 2 0 0 1
C L : 0 0 0 2 6 4 4
C L : 0 0 0 2 6 4 4
C L : 0 0 0 2 0 2 0
C L : 0 0 0 2 0 2 0
C L : 0 0 0 2 0 2 0
C L : 0 0 0 2 0 2 0
C L : 0 0 0 2 0 0 1
C L : 0 0 0 2 0 2 0
C L : 0 0 0 2 0 2 0
C L : 0 0 0 2 0 2 0
C L : 0 0 0 2 0 5 0
C L : 0 0 0 2 0 2 0
C L : 0 0 0 2 0 2 0
C L : 0 0 0 2 0 2 0
C L : 0 0 0 2 6 4 4
C L : 0 0 0 2 0 2 0
C L : 0 0 0 2 6 4 4
C L : 1 0 0 0 2 8 1
C L : 0 0 0 2 6 4 4
C L : 1 0 0 0 2 8 1
C L : 0 0 0 2 3 8 9
C L : 1 0 0 0 2 8 1
C L : 1 0 0 0 2 8 1
C L : 1 0 0 0 2 8 1
C L : 0 0 0 2 6 4 9
C L : 0 0 0 2 6 4 4
C L : 0 0 0 2 0 2 0
C L : 0 0 0 2 0 0 1
C L : 0 0 0 0 8 1 3
C L : 0 0 0 0 1 0 8
C L : 0 0 0 0 5 8 1
C L : 0 0 0 0 9 6 5
C L : 1 0 0 0 2 8 1
C L : 1 0 0 0 2 8 1
C L : 1 0 0 0 3 7 2
C L : 1 0 0 0 2 8 1
C L : 1 0 0 0 2 8 1
C L : 1 0 0 0 2 8 1
C L : 1 0 0 0 2 8 1
C L : 1 0 0 0 2 8 1
C L : 1 0 0 0 2 8 1
C L : 1 0 0 0 2 8 1
C L : 1 0 0 0 2 8 1
C L : 0 0 0 2 0 2 0
C L : 1 0 0 0 2 8 1
C L : 1 0 0 0 2 8 1
C L : 1 0 0 0 2 8 1
C L : 1 0 0 0 2 8 1
C L : 0 0 0 2 0 2 0
C L : 1 0 0 0 2 8 1
C L : 1 0 0 0 2 8 1
C L : 1 0 0 0 2 8 1
C L : 1 0 0 0 2 8 1
C L : 1 0 0 0 2 8 1
C L : 1 0 0 0 2 8 1
C L : 1 0 0 0 2 8 1
C L : 1 0 0 0 2 8 1
C L : 1 0 0 0 2 8 1
C L : 1 0 0 0 2 8 1
C L : 1 0 0 0 2 8 1
C L : 1 0 0 0 2 8 1
C L : 1 0 0 0 2 8 1
C L : 1 0 0 0 2 8 1
C L : 1 0 0 0 2 8 1
C L : 0 0 0 2 0 0 1
C L : 1 0 0 0 3 2 2
C L : 1 0 0 0 3 2 2
C L : 1 0 0 0 3 2 2
C L : 1 0 0 0 2 8 1
C L : 1 0 0 0 3 7 2
C L : 1 0 0 0 2 8 1
C L : 0 0 0 2 6 4 4
C L : 0 0 0 2 4 2 4
C L : 0 0 0 0 8 1 8
C L : 0 0 0 2 6 4 4
C L : 0 0 0 0 1 0 8
C L : 0 0 0 0 1 0 8
C L : 0 0 0 2 6 4 4
C L : 0 0 0 2 6 4 4
C L : 0 0 0 2 6 4 4
C L : 0 0 0 0 1 0 8
C L : 0 0 0 0 6 7 8
C L : 0 0 1 1 1 0 4
C L : 0 0 0 2 0 5 9
C L : 0 0 0 2 0 5 9
C L : 0 0 0 2 3 3 7
C L : 0 0 1 1 1 0 4
C L : 0 0 0 2 0 5 9
C L : 0 0 0 2 0 5 9
C L : 0 0 0 2 0 5 9
C L : 0 0 0 2 0 5 9
C L : 0 0 1 1 1 0 4
C L : 0 0 1 1 1 0 4
C L : 0 0 1 1 1 0 4
C L : 0 0 1 1 1 0 4
C L : 0 0 1 1 1 0 4
C L : 0 0 1 1 1 0 4
C L : 0 0 1 1 1 0 4
C L : 0 0 1 1 1 0 4
C L : 0 0 1 1 1 0 4
C L : 0 0 1 1 1 0 4
C L : 0 0 1 1 1 0 4
C L : 0 0 1 1 1 0 4
C L : 0 0 1 1 1 0 4
C L : 0 0 1 1 1 0 4
C L : 0 0 1 1 1 0 4
C L : 0 0 1 1 1 0 4
C L : 0 0 1 1 1 0 4
C L : 0 0 1 1 1 0 4
C L : 0 0 0 0 2 9 6
C L : 0 0 0 2 6 1 8
C L : 0 0 0 0 5 5 8
C L : 0 0 0 0 5 5 8
C L : 0 0 0 0 7 5 0
C L : 0 0 0 0 5 5 8
C L : 0 0 0 0 5 5 8
C L : 0 0 0 0 5 5 8
C L : 0 0 0 2 4 7 0
C L : 0 0 0 8 0 1 5
C L : 1 0 0 0 2 7 7
C L : 1 0 0 0 3 4 2
C L : 1 0 0 0 2 7 7
C L : 0 0 1 1 1 0 4
C L : 0 0 1 1 1 0 4
C L : 0 0 1 1 1 0 4
C L : 0 0 1 1 1 0 4
C L : 0 0 1 1 1 0 4
C L : 0 0 1 1 1 0 4
C L : 0 0 1 1 1 0 4
C L : 0 0 1 1 1 0 4
C L : 0 0 0 2 3 3 7
C L : 0 0 0 2 3 3 7
C L : 0 0 1 1 1 0 4
C L : 0 0 1 1 1 0 4
C L : 0 0 1 1 1 0 4
C L : 0 0 1 1 1 0 4
C L : 1 0 0 1 2 2 5
C L : 1 0 0 0 4 0 5
C L : 0 0 0 0 5 9 3
C L : 0 0 1 1 1 0 4
C L : 0 0 1 1 1 0 4
C L : 0 0 1 1 1 0 4
C L : 0 0 1 1 1 0 4
C L : 0 0 1 1 1 0 4
C L : 0 0 1 1 1 0 4
C L : 0 0 0 0 5 9 3
C L : 0 0 1 1 1 0 4
C L : 0 0 1 1 1 0 4
C L : 0 0 1 1 1 0 4
C L : 0 0 1 1 1 0 4
C L : 0 0 1 1 1 0 4
C L : 0 0 1 1 1 0 4
C L : 0 0 0 0 5 9 3
C L : 0 0 0 0 1 2 1
C L : 1 0 0 0 4 0 5
C L : 0 0 0 0 7 2 2
C L : 0 0 0 0 7 2 2
C L : 0 0 0 2 0 7 3
C L : 1 0 0 1 2 2 5
C L : 1 0 0 0 3 6 7
C L : 0 0 0 0 3 4 8
C L : 0 0 0 0 6 7 6
C L : 0 0 0 0 6 7 6
C L : 0 0 0 2 5 2 3
C L : 1 0 0 1 5 9 8
C L : 0 0 0 2 5 2 3
C L : 1 0 0 1 5 9 8
C L : 0 0 0 0 7 8 7
C L : 0 0 0 2 0 7 3
C L : 0 0 0 0 5 9 3
C L : 0 0 1 1 1 0 4
C L : 0 0 0 0 5 9 3
C L : 0 0 0 0 7 2 2
C L : 0 0 0 0 7 2 2
C L : 0 0 0 2 0 7 3
C L : 0 0 0 0 4 3 1
C L : 0 0 0 0 5 9 3
C L : 0 0 0 2 5 2 3
C L : 0 0 0 0 8 3 5
C L : 0 0 0 0 8 3 5
C L : 0 0 0 2 5 2 3
C L : 1 0 0 1 5 9 8
C L : 0 0 1 1 1 0 4
C L : 0 0 1 1 1 0 4
C L : 0 0 0 7 0 0 6
C L : 0 0 0 7 0 0 6
C L : 0 0 0 7 0 0 6
C L : 0 0 1 1 1 0 4
C L : 0 0 1 1 1 0 4
C L : 0 0 1 1 1 0 4
C L : 0 0 0 7 0 0 6
C L : 1 0 0 0 4 0 5
C L : 1 0 0 0 4 0 5
C L : 1 0 0 0 4 0 5
C L : 1 0 0 0 4 0 5
C L : 1 0 0 0 4 0 5
C L : 1 0 0 0 4 0 5
C L : 1 0 0 0 4 0 5
C L : 1 0 0 0 4 0 5
C L : 1 0 0 0 4 0 5
C L : 1 0 0 0 4 0 5
C L : 1 0 0 0 4 0 5
C L : 1 0 0 0 4 0 5
C L : 1 0 0 0 4 0 5
C L : 1 0 0 0 4 0 5
C L : 1 0 0 0 4 0 5
C L : 1 0 0 0 4 0 5
C L : 1 0 0 0 4 0 5
C L : 1 0 0 0 4 0 5
C L : 1 0 0 0 4 0 5
C L : 1 0 0 0 4 0 5
C L : 1 0 0 0 4 0 5
C L : 1 0 0 0 4 0 5
C L : 1 0 0 0 4 0 5
C L : 1 0 0 0 4 0 5
C L : 1 0 0 1 5 8 9
C L : 0 0 0 2 3 3 7
C L : 1 0 0 1 5 8 9
C L : 1 0 0 0 4 0 5
C L : 1 0 0 0 4 0 5
C L : 1 0 0 0 4 0 5
C L : 1 0 0 0 4 0 5
C L : 1 0 0 0 4 0 5
C L : 1 0 0 0 4 0 5
C L : 1 0 0 0 4 0 5
C L : 1 0 0 0 4 0 5
C L : 1 0 0 0 4 0 5
C L : 1 0 0 0 4 0 5
C L : 1 0 0 0 4 0 5
C L : 1 0 0 0 4 0 5
C L : 1 0 0 0 4 0 5
C L : 1 0 0 0 4 0 5
C L : 1 0 0 0 4 0 5
C L : 1 0 0 0 4 0 5
C L : 1 0 0 0 4 0 5
C L : 1 0 0 0 4 0 5
C L : 1 0 0 0 4 0 5
C L : 1 0 0 0 4 0 5
C L : 1 0 0 0 4 0 5
C L : 1 0 0 0 4 0 5
C L : 0 0 0 2 2 0 6
C L : 1 0 0 0 4 0 5
C L : 1 0 0 0 4 0 5
C L : 1 0 0 0 4 0 5
C L : 1 0 0 0 4 0 5
C L : 1 0 0 0 4 0 5
C L : 1 0 0 0 4 0 5
C L : 1 0 0 0 4 0 5
C L : 1 0 0 0 4 0 5
C L : 1 0 0 0 4 0 5
C L : 0 0 0 2 6 6 0
C L : 1 0 0 0 4 0 5
C L : 0 0 0 2 6 6 0
C L : 0 0 0 2 6 6 0
C L : 1 0 0 0 4 0 5
C L : 0 0 0 2 6 6 0
C L : 0 0 0 2 6 6 0
C L : 0 0 0 2 2 0 6
C L : 1 0 0 0 4 0 5
C L : 1 0 0 0 4 0 5
C L : 1 0 0 0 4 0 5
C L : 1 0 0 0 4 0 5
C L : 1 0 0 0 4 0 5
C L : 1 0 0 0 4 0 5
C L : 1 0 0 0 4 0 5
C L : 1 0 0 0 4 0 5
C L : 1 0 0 0 4 0 5
C L : 1 0 0 0 4 0 5
C L : 1 0 0 0 4 0 5
C L : 1 0 0 0 4 0 5
C L : 1 0 0 0 4 0 5
C L : 1 0 0 0 4 0 5
C L : 1 0 0 0 4 0 5
C L : 1 0 0 0 4 0 5
C L : 1 0 0 0 4 0 5
C L : 1 0 0 0 4 0 5
C L : 1 0 0 0 4 0 5
C L : 1 0 0 0 4 0 5
C L : 1 0 0 0 4 0 5
C L : 1 0 0 0 4 0 5
C L : 1 0 0 0 4 0 5
C L : 1 0 0 0 4 0 5
C L : 1 0 0 0 4 0 5
C L : 1 0 0 0 4 0 5
C L : 1 0 0 0 4 0 5
C L : 1 0 0 0 4 0 5
C L : 1 0 0 0 4 0 5
C L : 1 0 0 0 4 0 5
C L : 1 0 0 0 4 0 5
C L : 1 0 0 0 4 0 5
C L : 1 0 0 0 4 0 5
C L : 1 0 0 0 4 0 5
C L : 1 0 0 0 4 0 5
C L : 1 0 0 0 4 0 5
C L : 1 0 0 0 4 0 5
C L : 1 0 0 0 4 0 5
C L : 1 0 0 0 4 0 5
C L : 1 0 0 0 4 0 5
C L : 1 0 0 0 4 0 5
C L : 1 0 0 0 4 0 5
C L : 1 0 0 0 4 0 5
C L : 1 0 0 0 4 0 5
C L : 1 0 0 0 4 0 5
C L : 1 0 0 0 4 0 5
C L : 1 0 0 0 4 0 5
C L : 1 0 0 0 4 0 5
C L : 1 0 0 0 4 0 5
C L : 1 0 0 0 4 0 5
C L : 1 0 0 0 4 0 5
C L : 1 0 0 0 4 0 5
C L : 1 0 0 0 4 0 5
C L : 1 0 0 0 4 0 5
C L : 1 0 0 0 4 0 5
C L : 0 0 0 0 4 8 8
C L : 1 0 0 0 4 0 5
C L : 1 0 0 0 4 0 5
C L : 1 0 0 0 4 0 5
C L : 1 0 0 0 4 0 5
C L : 1 0 0 0 4 0 5
C L : 1 0 0 0 4 0 5
C L : 1 0 0 0 4 0 5
C L : 1 0 0 0 4 0 5
C L : 1 0 0 0 4 0 5
C L : 1 0 0 0 4 0 5
C L : 1 0 0 0 4 0 5
C L : 1 0 0 0 4 0 5
C L : 1 0 0 0 4 0 5
C L : 1 0 0 0 4 0 5
C L : 1 0 0 0 4 0 5
C L : 1 0 0 0 4 0 5
C L : 1 0 0 0 4 0 5
C L : 1 0 0 0 4 0 5
C L : 1 0 0 0 4 0 5
C L : 1 0 0 0 4 0 5
C L : 1 0 0 0 4 0 5
C L : 0 0 1 1 1 0 4
C L : 0 0 1 1 1 0 4
C L : 0 0 1 1 1 0 4
C L : 0 0 1 1 1 0 4
C L : 0 0 1 1 1 0 4
C L : 1 0 0 0 4 0 5
C L : 0 0 0 2 6 6 0
C L : 0 0 0 2 6 6 0
C L : 0 0 0 2 6 6 0
C L : 0 0 0 2 6 6 0
C L : 1 0 0 0 4 0 5
C L : 1 0 0 0 4 0 5
C L : 1 0 0 0 4 0 5
C L : 1 0 0 0 4 0 5
C L : 1 0 0 0 4 0 5
C L : 1 0 0 0 4 0 5
C L : 1 0 0 0 4 0 5
C L : 1 0 0 0 4 0 5
C L : 1 0 0 0 4 0 5
C L : 1 0 0 0 4 0 5
C L : 1 0 0 0 4 0 5
C L : 1 0 0 0 4 0 5
C L : 1 0 0 0 4 0 5
C L : 1 0 0 0 4 0 5
C L : 1 0 0 0 4 0 5
C L : 1 0 0 0 4 0 5
C L : 1 0 0 0 4 0 5
C L : 1 0 0 0 4 0 5
C L : 1 0 0 0 4 0 5
C L : 1 0 0 0 4 0 5
C L : 1 0 0 0 4 0 5
C L : 1 0 0 0 4 0 5
C L : 0 0 0 2 3 3 7
C L : 1 0 0 0 4 0 5
C L : 0 0 0 2 0 7 1
C L : 1 0 0 0 5 4 9
C L : 0 0 0 2 5 0 5
C L : 1 0 0 0 5 4 9
C L : 0 0 0 2 5 0 5
C L : 1 0 0 0 4 4 9
C L : 0 0 0 2 5 0 5
C L : 1 0 0 0 5 4 9
C L : 0 0 0 2 5 0 5
C L : 0 0 0 2 0 7 1
C L : 1 0 0 0 5 4 9
C L : 1 0 0 0 5 4 9
C L : 0 0 0 2 5 0 5
C L : 1 0 0 0 4 4 9
C L : 0 0 0 2 5 0 5
C L : 1 0 0 0 5 4 9
C L : 0 0 0 2 5 0 5
C L : 1 0 0 0 4 4 9
C L : 0 0 0 2 5 0 5
C L : 1 0 0 0 5 4 9
C L : 0 0 0 2 5 0 5
C L : 1 0 0 0 4 4 9
C L : 0 0 0 2 5 0 5
C L : 1 0 0 0 4 4 9
C L : 0 0 0 2 5 0 5
C L : 1 0 0 0 4 4 9
C L : 0 0 0 2 5 0 5
C L : 1 0 0 0 4 4 9
C L : 0 0 0 2 5 0 5
C L : 1 0 0 0 5 4 9
C L : 0 0 0 2 5 0 5
C L : 0 0 0 2 6 1 6
C L : 1 0 0 0 3 3 0
C L : 1 0 0 0 5 4 9
C L : 0 0 0 2 5 0 5
C L : 1 0 0 0 4 4 9
C L : 1 0 0 0 5 4 9
C L : 1 0 0 0 5 4 9
C L : 1 0 0 0 5 4 9
C L : 1 0 0 0 5 4 9
C L : 1 0 0 0 5 4 9
C L : 1 0 0 0 5 4 9
C L : 0 0 0 0 4 5 4
C L : 0 0 0 0 7 8 7
C L : 1 0 0 0 4 4 9
C L : 0 0 0 2 5 0 5
C L : 0 0 0 2 5 0 5
C L : 0 0 0 2 5 0 5
C L : 1 0 0 0 5 4 9
C L : 0 0 0 2 5 0 5
C L : 1 0 0 0 5 4 9
C L : 0 0 0 2 5 0 5
C L : 0 0 0 2 1 4 0
C L : 0 0 0 2 1 4 0
C L : 0 0 0 2 1 4 0
C L : 0 0 0 2 1 4 0
C L : 0 0 0 2 1 4 0
C L : 1 0 0 0 5 1 0
C L : 1 0 0 0 3 9 7
C L : 1 0 0 0 5 1 0
C L : 1 0 0 0 3 9 7
C L : 1 0 0 0 5 1 0
C L : 1 0 0 0 5 1 0
C L : 1 0 0 0 3 9 7
C L : 1 0 0 0 5 1 0
C L : 1 0 0 0 5 1 0
C L : 1 0 0 0 3 9 7
C L : 1 0 0 0 5 1 0
C L : 1 0 0 0 3 9 7
C L : 0 0 0 0 3 5 4
C L : 1 0 0 0 5 1 0
C L : 1 0 0 0 3 9 7
C L : 1 0 0 0 5 1 0
C L : 0 0 0 0 3 5 4
C L : 0 0 0 0 3 5 4
C L : 1 0 0 0 3 9 7
C L : 0 0 0 0 3 4 2
C L : 0 0 1 1 1 0 4
C L : 0 0 1 1 1 0 4
C L : 1 0 0 0 3 2 2
C L : 1 0 0 0 5 1 0
C L : 0 0 0 0 3 5 4
C L : 0 0 0 0 3 5 4
C L : 1 0 0 0 5 1 0
C L : 1 0 0 0 3 1 0
C L : 0 0 0 2 2 9 8
C L : 1 0 0 0 5 1 0
C L : 1 0 0 0 5 1 0
C L : 1 0 0 0 5 1 0
C L : 1 0 0 0 5 1 0
C L : 0 0 0 0 3 5 4
C L : 0 0 0 0 3 5 4
C L : 1 0 0 0 5 1 0
C L : 1 0 0 0 5 1 0
C L : 1 0 0 0 3 1 0
C L : 0 0 0 2 2 9 8
C L : 1 0 0 0 5 1 0
C L : 0 0 0 0 3 5 4
C L : 1 0 0 0 3 9 7
C L : 0 0 0 0 3 5 4
C L : 1 0 0 0 3 9 7
C L : 1 0 0 0 5 1 0
C L : 0 0 0 0 2 5 5
C L : 1 0 0 0 3 1 2
C L : 0 0 0 0 4 4 4
C L : 0 0 0 0 2 5 5
C L : 0 0 0 2 2 9 8
C L : 1 0 0 0 3 9 7
C L : 0 0 0 0 2 5 5
C L : 1 0 0 0 3 9 7
C L : 0 0 0 0 4 3 8
C L : 0 0 0 2 2 9 8
C L : 1 0 0 0 3 9 7
C L : 1 0 0 0 3 1 2
C L : 1 0 0 0 3 1 0
C L : 0 0 0 2 2 9 8
C L : 0 0 0 0 2 5 5
C L : 0 0 0 2 2 9 8
C L : 1 0 0 0 3 1 2
C L : 1 0 0 0 5 1 0
C L : 1 0 0 0 3 9 7
C L : 0 0 0 0 3 5 4
C L : 1 0 0 0 3 9 7
C L : 1 0 0 0 5 1 0
C L : 0 0 0 0 2 5 5
C L : 0 0 0 2 4 9 6
C L : 0 0 0 0 4 3 8
C L : 0 0 0 0 3 5 4
C L : 1 0 0 0 3 9 7
C L : 0 0 0 0 3 5 4
C L : 0 0 0 0 2 5 5
C L : 0 0 0 0 2 5 5
C L : 0 0 0 2 2 9 8
C L : 0 0 0 2 2 9 8
C L : 0 0 0 0 4 8 7
C L : 1 0 0 0 3 9 7
C L : 0 0 0 0 3 5 4
C L : 1 0 0 0 3 9 7
C L : 1 0 0 0 5 1 0
C L : 0 0 0 0 3 5 4
C L : 1 0 0 0 3 9 7
C L : 1 0 0 0 5 1 0
C L : 0 0 0 0 3 5 4
C L : 0 0 0 0 3 5 4
C L : 0 0 0 0 3 5 4
C L : 0 0 0 0 3 5 4
C L : 0 0 0 0 3 5 4
C L : 0 0 0 0 3 5 4
C L : 0 0 0 0 3 5 4
C L : 1 0 0 0 3 1 0
C L : 0 0 0 2 2 9 8
C L : 0 0 0 0 2 5 5
C L : 0 0 0 0 3 5 4
C L : 1 0 0 0 5 1 0
C L : 1 0 0 0 5 1 0
C L : 0 0 0 0 3 5 4
C L : 1 0 0 0 5 1 0
C L : 1 0 0 0 5 1 0
C L : 1 0 0 0 5 1 0
C L : 1 0 0 0 5 1 0
C L : 1 0 0 0 5 1 0
C L : 1 0 0 0 3 9 7
C L : 1 0 0 0 5 1 0
C L : 1 0 0 0 5 1 0
C L : 1 0 0 0 3 9 7
C L : 1 0 0 0 5 1 0
C L : 1 0 0 0 3 9 7
C L : 1 0 0 0 5 1 0
C L : 1 0 0 0 3 9 7
C L : 0 0 0 0 3 5 4
C L : 1 0 0 0 5 1 0
C L : 0 0 0 0 3 5 4
C L : 0 0 0 0 3 5 4
C L : 0 0 0 0 2 5 5
C L : 1 0 0 0 5 1 0
C L : 0 0 0 2 2 9 8
C L : 0 0 0 2 4 9 6
C L : 1 0 0 0 5 1 0
C L : 1 0 0 0 3 9 7
C L : 1 0 0 0 5 1 0
C L : 1 0 0 0 5 1 0
C L : 0 0 0 0 2 5 5
C L : 0 0 0 2 2 9 8
C L : 1 0 0 0 5 1 0
C L : 0 0 0 0 2 5 5
C L : 0 0 0 0 2 5 5
C L : 1 0 0 0 3 1 0
C L : 0 0 0 2 2 9 8
C L : 0 0 0 0 2 5 5
C L : 0 0 0 0 2 5 5
C L : 1 0 0 0 5 1 0
C L : 0 0 0 0 2 5 5
C L : 1 0 0 0 3 2 2
C L : 0 0 0 2 3 3 7
C L : 0 0 0 2 6 6 0
C L : 1 0 0 0 5 1 0
C L : 0 0 0 0 3 5 4
C L : 0 0 0 0 4 8 8
C L : 1 0 0 0 4 0 5
C L : 1 0 0 0 5 1 0
C L : 0 0 0 0 4 8 8
C L : 0 0 1 1 1 0 4
C L : 0 0 1 1 1 0 4
C L : 0 0 1 1 1 0 4
C L : 1 0 0 0 3 2 2
C L : 0 0 1 1 1 0 4
C L : 0 0 0 0 5 8 1
C L : 0 0 1 1 1 0 4
C L : 0 0 1 1 1 0 4
C L : 0 0 1 1 1 0 4
C L : 0 0 1 1 1 0 4
C L : 0 0 1 1 1 0 4
C L : 1 0 0 1 2 2 5
C L : 0 0 0 0 8 1 6
C L : 0 0 0 0 7 8 7
C L : 0 0 1 1 1 0 4
C L : 0 0 0 2 6 0 5
C L : 0 0 0 0 8 3 5
C L : 0 0 0 0 8 3 5
C L : 0 0 0 0 8 9 5
C L : 0 0 0 0 5 8 1
C L : 0 0 1 1 1 0 4
C L : 0 0 0 0 8 3 5
C L : 0 0 1 1 1 0 4
C L : 1 0 0 1 1 0 7
C L : 0 0 1 1 1 0 4
C L : 0 0 1 1 1 0 4
C L : 0 0 1 1 1 0 4
C L : 0 0 1 1 1 0 4
C L : 0 0 1 1 1 0 4
C L : 0 0 1 1 1 0 4
C L : 0 0 1 1 1 0 4
C L : 0 0 1 1 1 0 4
C L : 0 0 1 1 1 0 4
C L : 0 0 1 1 1 0 4
C L : 1 0 0 1 1 0 7
C L : 1 0 0 0 3 5 0
C L : 1 0 0 0 3 5 0
C L : 0 0 0 2 6 0 5
C L : 0 0 1 1 1 0 4
C L : 0 0 1 1 1 0 4
C L : 0 0 1 1 1 0 4
C L : 0 0 1 1 1 0 4
C L : 0 0 0 2 0 9 9
C L : 0 0 0 0 2 0 3
C L : 0 0 0 0 5 4 1
C L : 0 0 1 1 1 0 4
C L : 0 0 1 1 1 0 4
C L : 0 0 1 1 1 0 4
C L : 0 0 1 1 1 0 4
C L : 0 0 1 1 1 0 4
C L : 0 0 0 8 0 1 5
C L : 0 0 0 0 7 1 5
C L : 0 0 0 0 7 6 0
C L : 0 0 0 0 5 5 8
C L : 0 0 0 0 8 6 9
C L : 0 0 0 0 5 4 1
C L : 0 0 0 0 2 0 3
C L : 0 0 1 1 1 0 4
C L : 0 0 1 1 1 0 4
C L : 0 0 1 1 1 0 4
C L : 0 0 1 1 1 0 4
C L : 0 0 0 2 5 0 9
C L : 0 0 0 0 7 1 5
C L : 0 0 0 0 7 1 5
C L : 0 0 0 0 5 8 1
C L : 0 0 0 2 5 0 9
C L : 0 0 1 1 1 0 4
C L : 0 0 0 0 7 1 5
C L : 0 0 0 0 5 8 1
C L : 0 0 0 0 5 8 1
C L : 0 0 0 0 8 3 5
C L : 0 0 1 1 1 0 4
C L : 0 0 1 1 1 0 4
C L : 0 0 0 2 5 5 8
C L : 1 0 0 0 3 6 4
C L : 0 0 0 0 0 3 5
C L : 0 0 0 0 0 3 5
C L : 1 0 0 0 2 7 7
C L : 0 0 0 2 4 9 9
C L : 1 0 0 0 2 7 7
C L : 1 0 0 0 2 7 7
C L : 0 0 1 1 1 0 4
C L : 0 0 1 1 1 0 4
C L : 1 0 0 0 3 2 2
C L : 1 0 0 0 3 2 2
C L : 1 0 0 0 3 2 2
C L : 0 0 0 0 7 9 6
C L : 1 0 0 0 2 7 7
C L : 0 0 1 1 1 0 4
C L : 0 0 1 1 1 0 4
C L : 0 0 1 1 1 0 4
C L : 0 0 1 1 1 0 4
C L : 0 0 0 0 7 9 6
C L : 0 0 0 2 6 1 8
C L : 0 0 1 1 1 0 4
C L : 0 0 1 1 1 0 4
C L : 0 0 1 1 1 0 4
C L : 0 0 1 1 1 0 4
C L : 0 0 1 1 1 0 4
C L : 0 0 1 1 1 0 4
C L : 0 0 0 0 7 9 6
C L : 0 0 0 0 7 9 6
C L : 1 0 0 0 2 7 7
C L : 0 0 0 0 7 9 6
C L : 1 0 0 0 2 7 7
C L : 0 0 1 1 1 0 4
C L : 0 0 0 0 7 9 6
C L : 1 0 0 0 2 7 7
C L : 0 0 0 0 7 9 6
C L : 1 0 0 0 2 7 7
C L : 0 0 1 1 1 0 4
C L : 0 0 1 1 1 0 4
C L : 0 0 0 0 1 5 9
C L : 1 0 0 0 3 2 2
C L : 0 0 0 1 0 1 6
C L : 0 0 0 1 0 1 6
C L : 0 0 0 2 2 2 3
C L : 0 0 0 2 4 7 7
C L : 0 0 0 1 0 1 6
C L : 0 0 0 1 0 1 6
C L : 0 0 0 2 1 6 0
C L : 0 0 0 1 0 1 6
C L : 0 0 0 1 0 1 6
C L : 0 0 0 2 4 7 7
C L : 0 0 0 2 2 2 3
C L : 0 0 0 2 4 1 4
C L : 0 0 0 2 1 6 0
C L : 0 0 0 2 1 6 0
C L : 0 0 0 2 1 6 0
C L : 0 0 0 2 1 6 0
C L : 0 0 0 0 1 9 5
C L : 0 0 0 1 0 1 6
C L : 0 0 0 2 5 0 5
C L : 0 0 0 2 5 0 5
C L : 0 0 0 2 4 7 7
C L : 0 0 0 0 1 9 5
C L : 0 0 0 1 0 1 6
C L : 1 0 0 0 4 3 3
C L : 0 0 0 0 1 9 5
C L : 1 0 0 1 2 2 5
C L : 0 0 0 2 6 1 6
C L : 0 0 0 0 0 5 0
C L : 0 0 0 0 0 5 0
C L : 0 0 0 1 0 1 6
C L : 0 0 0 1 0 1 6
C L : 0 0 0 1 0 1 6
C L : 0 0 0 2 0 7 1
C L : 0 0 0 0 8 8 9
C L : 0 0 0 1 0 1 6
C L : 1 0 0 0 3 2 2
C L : 0 0 0 0 1 5 9
C L : 0 0 0 0 8 8 9
C L : 0 0 0 2 0 2 0
C L : 0 0 0 5 0 1 7
C L : 0 0 0 1 0 1 6
C L : 1 0 0 0 3 2 2
C L : 0 0 0 0 2 2 7
C L : 0 0 0 0 2 6 4
C L : 0 0 0 0 2 2 7
C L : 0 0 0 1 0 1 9
C L : 0 0 0 0 7 2 2
C L : 0 0 0 0 0 0 3
C L : 1 0 0 0 3 2 2
C L : 0 0 0 2 3 2 9
C L : 0 0 0 0 8 8 9
C L : 0 0 0 0 0 7 3
C L : 0 0 0 1 0 1 6
C L : 0 0 0 0 2 0 4
C L : 0 0 0 5 0 1 7
C L : 0 0 0 0 0 5 0
C L : 0 0 0 0 0 5 0
C L : 0 0 0 0 8 8 9
C L : 0 0 0 0 8 8 9
C L : 0 0 1 1 1 0 4
C L : 0 0 0 1 0 1 6
C L : 0 0 0 0 8 8 9
C L : 0 0 0 1 0 1 6
C L : 0 0 0 1 0 1 6
C L : 0 0 0 1 0 1 6
C L : 0 0 0 1 0 1 6
C L : 0 0 0 1 0 1 6
C L : 0 0 0 0 0 4 7
C L : 0 0 0 0 0 4 7
C L : 1 0 0 0 4 4 9
C L : 0 0 1 1 1 0 4
C L : 0 0 0 2 1 6 0
C L : 0 0 0 0 0 5 0
C L : 0 0 0 0 0 5 0
C L : 0 0 0 2 0 7 1
C L : 0 0 0 2 0 7 1
C L : 0 0 0 0 0 5 0
C L : 0 0 0 0 0 5 0
C L : 0 0 0 2 5 9 0
C L : 0 0 0 2 4 1 5
C L : 0 0 0 2 5 9 6
C L : 0 0 0 2 5 9 6
C L : 0 0 0 2 5 9 6
C L : 0 0 0 2 5 9 0
C L : 1 0 0 0 3 2 2
C L : 0 0 1 1 1 0 4
C L : 0 0 1 1 1 0 4
C L : 0 0 0 2 0 5 9
C L : 0 0 0 2 6 0 5
C L : 0 0 1 1 1 0 4
C L : 0 0 0 2 4 3 3
C L : 0 0 0 2 6 6 4
C L : 0 0 0 2 5 9 0
C L : 0 0 0 0 8 8 4
C L : 0 0 0 2 6 6 4
C L : 0 0 0 0 8 8 4
C L : 0 0 0 2 6 6 4
C L : 0 0 0 0 8 8 4
C L : 0 0 0 0 8 8 4
C L : 0 0 0 2 0 5 9
C L : 0 0 0 0 2 0 3
C L : 0 0 0 2 0 5 9
C L : 0 0 0 2 5 9 6
C L : 0 0 0 2 6 6 4
C L : 0 0 0 0 8 8 4
C L : 0 0 0 2 6 6 4
C L : 0 0 0 2 5 9 0
C L : 0 0 0 2 5 9 6
C L : 0 0 0 2 5 9 0
C L : 0 0 0 0 5 5 9
C L : 0 0 0 0 8 8 4
C L : 0 0 0 0 2 0 3
C L : 0 0 0 0 8 8 4
C L : 0 0 0 0 2 0 3
C L : 0 0 0 2 5 9 6
C L : 0 0 0 0 8 8 4
C L : 0 0 0 0 2 0 3
C L : 0 0 0 0 8 8 4
C L : 0 0 0 2 5 9 0
C L : 1 0 0 0 3 2 2
C L : 0 0 1 1 1 0 4
C L : 1 0 0 0 3 2 2
C L : 0 0 1 1 1 0 4
C L : 0 0 1 1 1 0 4
C L : 0 0 0 2 4 1 5
C L : 0 0 0 0 2 0 3
C L : 0 0 0 2 5 9 0
C L : 0 0 0 2 0 5 9
C L : 0 0 0 0 2 0 3
C L : 1 0 0 0 3 2 2
C L : 0 0 0 0 8 8 4
C L : 0 0 0 0 2 3 9
C L : 0 0 0 2 5 9 6
C L : 0 0 0 0 4 8 7
C L : 0 0 0 0 2 3 9
C L : 0 0 0 0 8 8 4
C L : 0 0 0 0 2 3 9
C L : 0 0 0 0 6 7 2
C L : 0 0 0 0 7 9 6
C L : 0 0 0 0 6 6 1
C L : 0 0 0 0 6 6 1
C L : 1 0 0 0 3 3 0
C L : 0 0 0 2 2 1 0
C L : 0 0 0 2 3 1 5
C L : 0 0 0 0 4 7 6
C L : 0 0 0 2 5 9 3
C L : 0 0 0 0 6 6 1
C L : 0 0 0 0 6 6 1
C L : 0 0 0 0 4 3 8
C L : 1 0 0 0 4 2 5
C L : 0 0 0 0 6 7 2
C L : 0 0 0 0 6 7 2
C L : 0 0 0 0 7 9 6
C L : 0 0 0 0 7 9 6
C L : 0 0 0 0 6 6 1
C L : 0 0 0 0 7 9 6
C L : 1 0 0 0 3 2 2
C L : 0 0 0 0 6 6 1
C L : 1 0 0 0 3 2 2
C L : 0 0 0 2 2 7 0
C L : 1 0 0 0 4 6 7
C L : 0 0 0 2 2 1 0
C L : 1 0 0 0 4 2 5
C L : 0 0 0 0 0 5 0
C L : 0 0 0 2 0 5 9
C L : 0 0 0 0 2 0 3
C L : 0 0 0 0 6 7 2
C L : 0 0 0 0 2 0 3
C L : 0 0 0 2 2 1 0
C L : 0 0 0 2 3 1 5
C L : 0 0 0 0 7 9 6
C L : 1 0 0 0 3 3 0
C L : 0 0 0 0 5 4 2
C L : 0 0 0 2 0 5 9
C L : 0 0 0 0 2 0 3
C L : 1 0 0 0 3 2 2
C L : 0 0 0 2 4 2 3
C L : 1 0 0 0 3 2 2
C L : 0 0 0 0 7 9 6
C L : 0 0 0 0 6 7 2
C L : 0 0 0 0 6 7 2
C L : 0 0 0 0 7 9 6
C L : 0 0 0 0 6 6 1
C L : 0 0 0 2 4 7 6
C L : 1 0 0 0 3 2 2
C L : 0 0 0 0 7 9 6
C L : 0 0 0 0 6 6 1
C L : 1 0 0 0 3 2 2
C L : 0 0 0 2 2 1 0
C L : 0 0 0 0 2 7 1
C L : 0 0 0 0 2 0 3
C L : 0 0 0 2 0 5 9
C L : 0 0 0 1 0 4 4
C L : 0 0 0 1 0 4 4
C L : 0 0 0 1 0 4 5
C L : 0 0 0 0 7 1 7
C L : 0 0 0 0 7 1 7
C L : 0 0 0 2 4 1 5
C L : 0 0 0 2 5 0 5
C L : 0 0 0 2 4 1 5
C L : 0 0 0 2 5 0 5
C L : 1 0 0 0 4 7 9
C L : 0 0 0 2 5 0 5
C L : 1 0 0 0 4 7 9
C L : 0 0 0 1 0 4 5
C L : 0 0 0 1 0 4 4
C L : 0 0 0 1 0 4 5
C L : 0 0 0 1 0 4 5
C L : 0 0 0 1 0 4 4
C L : 0 0 0 1 0 4 4
C L : 0 0 0 2 4 1 5
C L : 0 0 0 2 4 1 5
C L : 0 0 0 2 4 1 5
C L : 0 0 0 2 2 8 7
C L : 0 0 0 1 0 4 5
C L : 0 0 0 1 0 4 4
C L : 0 0 0 1 0 4 5
C L : 0 0 0 1 0 4 5
C L : 0 0 0 1 0 4 5
C L : 0 0 0 1 0 4 5
C L : 0 0 0 1 0 4 4
C L : 0 0 0 1 0 4 5
C L : 0 0 0 1 0 4 4
C L : 0 0 0 1 0 4 4
C L : 0 0 0 2 5 0 5
C L : 0 0 0 2 5 0 5
C L : 0 0 0 2 5 0 5
C L : 0 0 0 1 0 4 4
C L : 0 0 0 1 0 4 4
C L : 0 0 0 2 4 1 5
C L : 0 0 0 2 4 1 5
C L : 0 0 0 2 4 1 5
C L : 0 0 0 2 4 1 5
C L : 0 0 0 1 0 4 5
C L : 0 0 0 1 0 4 4
C L : 0 0 0 1 0 4 4
C L : 0 0 0 1 0 4 4
C L : 0 0 0 1 0 4 5
C L : 0 0 0 1 0 4 5
C L : 0 0 0 1 0 4 4
C L : 1 0 0 0 4 7 9
C L : 0 0 0 1 0 4 4
C L : 1 0 0 0 4 7 9
C L : 0 0 0 1 0 4 5
C L : 0 0 0 1 0 4 4
C L : 0 0 0 2 5 0 5
C L : 0 0 0 2 5 0 5
C L : 0 0 0 1 0 4 5
C L : 0 0 0 1 0 4 5
C L : 0 0 0 1 0 4 4
C L : 0 0 0 1 0 4 4
C L : 0 0 0 2 3 6 2
C L : 0 0 0 1 0 4 4
C L : 0 0 0 1 0 4 4
C L : 0 0 0 1 0 4 5
C L : 0 0 0 1 0 4 4
C L : 0 0 0 0 1 2 6
C L : 1 0 0 0 3 9 1
C L : 1 0 0 0 4 0 5
C L : 0 0 0 0 1 2 6
C L : 0 0 0 0 1 2 6
C L : 0 0 0 0 1 8 1
C L : 0 0 0 0 1 2 6
C L : 0 0 0 0 1 2 5
C L : 0 0 0 0 7 3 3
C L : 0 0 0 1 0 4 4
C L : 0 0 0 1 0 4 4
C L : 0 0 0 1 0 4 4
C L : 0 0 0 2 3 8 5
C L : 0 0 0 1 0 4 4
C L : 1 0 0 0 4 0 5
C L : 0 0 0 0 1 2 6
C L : 0 0 0 1 0 4 4
C L : 0 0 0 0 0 3 6
C L : 0 0 0 0 1 2 6
C L : 0 0 0 1 0 4 4
C L : 0 0 0 1 0 4 4
C L : 0 0 1 0 0 0 2
C L : 0 0 1 0 0 0 2
C L : 0 0 0 1 0 4 4
C L : 0 0 0 0 1 2 6
C L : 0 0 1 0 0 0 2
C L : 0 0 0 0 1 2 6
C L : 0 0 0 1 0 4 4
C L : 0 0 0 0 1 8 1
C L : 0 0 0 0 1 2 6
C L : 0 0 0 0 1 2 6
C L : 0 0 0 0 1 2 6
C L : 0 0 0 1 0 4 4
C L : 0 0 0 1 0 4 4
C L : 0 0 0 1 0 4 4
C L : 0 0 0 0 1 2 5
C L : 0 0 0 0 7 3 3
C L : 0 0 0 1 0 4 4
C L : 0 0 0 1 0 4 4
C L : 1 0 0 0 4 7 9
C L : 1 0 0 0 4 7 9
C L : 0 0 0 1 0 4 4
C L : 0 0 0 1 0 4 4
C L : 0 0 0 1 0 4 4
C L : 0 0 0 1 0 4 4
C L : 0 0 0 1 0 4 4
C L : 0 0 0 1 0 4 4
C L : 0 0 0 1 0 4 4
C L : 0 0 0 1 0 4 4
C L : 0 0 0 0 1 2 6
C L : 0 0 0 0 1 8 1
C L : 0 0 0 0 1 2 6
C L : 0 0 0 0 1 2 6
C L : 0 0 0 1 0 4 4
C L : 0 0 0 1 0 4 4
C L : 0 0 0 0 1 2 6
C L : 0 0 0 0 1 8 1
C L : 0 0 0 0 1 2 6
C L : 0 0 0 0 1 8 1
C L : 0 0 0 0 1 2 6
C L : 0 0 0 0 1 2 6
C L : 0 0 0 1 0 4 4
C L : 0 0 0 1 0 4 4
C L : 0 0 0 0 1 2 6
C L : 0 0 0 0 1 2 6
C L : 0 0 0 1 0 4 4
C L : 0 0 0 0 1 2 6
C L : 0 0 0 1 0 4 4
C L : 0 0 0 0 1 2 6
C L : 0 0 0 1 0 4 4
C L : 0 0 0 1 0 4 4
C L : 0 0 0 0 1 2 6
C L : 0 0 0 1 0 4 4
C L : 0 0 0 1 0 4 4
C L : 0 0 0 1 0 4 4
C L : 0 0 0 0 1 2 6
C L : 0 0 0 1 0 4 4
C L : 0 0 0 1 0 4 4
C L : 0 0 0 0 1 2 6
C L : 0 0 0 0 1 2 6
C L : 0 0 0 1 0 4 4
C L : 0 0 0 1 0 4 4
C L : 0 0 0 1 0 4 4
C L : 1 0 0 0 4 7 9
C L : 0 0 0 0 7 5 0
C L : 0 0 0 0 1 2 6
C L : 0 0 0 1 0 4 4
C L : 0 0 0 1 0 4 4
C L : 0 0 0 1 0 4 4
C L : 0 0 0 1 0 4 4
C L : 0 0 0 0 1 8 1
C L : 0 0 0 0 1 2 6
C L : 0 0 0 0 1 2 6
C L : 0 0 0 1 0 4 4
C L : 0 0 0 0 7 3 3
C L : 0 0 0 1 0 4 4
C L : 0 0 0 1 0 4 4
C L : 0 0 0 0 1 2 6
C L : 0 0 0 0 1 2 6
C L : 0 0 0 1 0 4 4
C L : 0 0 0 0 1 2 5
C L : 0 0 0 0 1 2 5
C L : 0 0 0 0 1 2 5
C L : 0 0 0 1 0 4 4
C L : 0 0 0 0 1 2 6
C L : 0 0 0 0 1 2 6
C L : 0 0 0 0 1 2 6
C L : 0 0 0 1 0 4 4
C L : 0 0 0 0 1 2 6
C L : 0 0 0 1 0 4 4
C L : 0 0 0 1 0 4 4
C L : 0 0 0 1 0 4 4
C L : 0 0 0 0 1 2 6
C L : 0 0 0 1 0 4 4
C L : 0 0 0 0 1 8 1
C L : 0 0 0 0 1 2 6
C L : 0 0 0 0 1 8 1
C L : 0 0 0 0 1 2 6
C L : 0 0 0 0 1 2 6
C L : 0 0 0 0 1 2 6
C L : 0 0 0 1 0 4 4
C L : 0 0 0 0 1 2 6
C L : 0 0 0 1 0 4 4
C L : 0 0 0 0 1 2 6
C L : 0 0 0 1 0 4 4
C L : 0 0 0 1 0 4 4
C L : 0 0 0 0 1 8 1
C L : 0 0 0 0 1 2 6
C L : 0 0 0 0 1 2 6
C L : 0 0 0 1 0 4 4
C L : 0 0 0 0 1 2 6
C L : 0 0 0 0 1 8 1
C L : 0 0 0 0 1 2 6
C L : 0 0 0 0 1 2 6
C L : 0 0 0 0 1 2 6
C L : 0 0 0 0 1 2 6
C L : 0 0 0 1 0 4 4
C L : 0 0 0 0 1 2 5
C L : 0 0 0 0 1 2 5
C L : 0 0 0 1 0 4 4
C L : 0 0 0 1 0 4 4
C L : 0 0 0 0 1 2 6
C L : 0 0 0 1 0 4 4
C L : 0 0 0 1 0 4 4
C L : 0 0 0 1 0 4 4
C L : 0 0 0 1 0 4 4
C L : 0 0 0 1 0 4 4
C L : 0 0 0 1 0 4 4
C L : 0 0 0 1 0 4 4
C L : 0 0 0 0 7 1 7
C L : 0 0 0 0 7 8 7
C L : 0 0 0 0 2 0 3
C L : 0 0 0 2 4 7 7
C L : 0 0 0 0 7 8 8
C L : 0 0 0 2 0 5 9
C L : 0 0 0 1 0 4 4
C L : 0 0 0 0 7 8 7
C L : 0 0 0 0 4 5 4
C L : 1 0 0 0 4 4 9
C L : 1 0 0 0 4 4 9
C L : 0 0 0 0 7 1 7
C L : 1 0 0 0 4 4 9
C L : 0 0 0 0 7 1 7
C L : 0 0 0 0 7 8 7
C L : 0 0 0 0 7 8 7
C L : 0 0 0 0 7 8 7
C L : 0 0 0 0 7 8 7
C L : 0 0 0 0 7 8 7
C L : 0 0 0 0 7 8 7
C L : 0 0 0 2 5 8 4
C L : 0 0 0 0 4 2 0
C L : 0 0 0 2 3 3 8
C L : 0 0 0 2 5 8 4
C L : 0 0 0 0 4 2 0
C L : 0 0 0 2 3 3 8
C L : 0 0 0 0 7 8 7
C L : 0 0 0 0 7 8 7
C L : 0 0 0 0 7 1 7
C L : 0 0 0 0 7 8 7
C L : 0 0 0 0 7 8 8
C L : 0 0 0 2 2 3 2
C L : 0 0 0 1 0 4 4
C L : 0 0 0 0 7 8 7
C L : 0 0 0 1 0 4 4
C L : 0 0 0 0 7 8 7
C L : 0 0 0 0 4 5 4
C L : 0 0 0 0 7 1 7
C L : 0 0 0 0 8 4 3
C L : 0 0 0 0 7 1 7
C L : 0 0 0 0 7 8 7
C L : 0 0 0 0 7 8 7
C L : 0 0 0 0 7 8 7
C L : 0 0 0 2 0 5 9
C L : 0 0 0 0 7 8 7
C L : 1 0 0 1 2 2 5
C L : 0 0 0 0 7 8 8
C L : 0 0 0 2 2 3 2
C L : 0 0 0 0 2 0 3
C L : 0 0 0 0 7 1 7
C L : 0 0 0 0 7 1 7
C L : 0 0 0 0 7 8 7
C L : 0 0 0 0 7 8 8
C L : 0 0 0 0 7 8 8
C L : 0 0 0 0 7 2 2
C L : 0 0 0 0 7 1 7
C L : 0 0 0 0 7 8 7
C L : 0 0 0 0 7 8 7
C L : 0 0 0 0 7 8 7
C L : 0 0 0 0 7 8 7
C L : 0 0 0 0 7 8 7
C L : 1 0 0 1 4 3 6
C L : 0 0 0 0 4 2 0
C L : 0 0 0 2 3 3 8
C L : 0 0 0 0 7 8 7
C L : 0 0 0 2 0 5 9
C L : 0 0 0 0 7 8 7
C L : 0 0 0 2 0 5 9
C L : 0 0 0 0 7 8 7
C L : 0 0 0 0 7 8 7
C L : 0 0 0 2 0 5 9
C L : 0 0 0 0 7 8 7
C L : 0 0 0 1 0 4 4
C L : 0 0 0 0 4 5 4
C L : 0 0 0 0 7 8 7
C L : 0 0 0 1 0 4 4
C L : 0 0 0 0 4 5 4
C L : 1 0 0 0 4 4 9
C L : 0 0 0 0 7 1 7
C L : 0 0 0 0 7 1 7
C L : 0 0 0 0 7 8 7
C L : 0 0 0 0 7 8 7
C L : 0 0 0 0 7 8 7
C L : 0 0 0 0 7 8 7
C L : 1 0 0 0 4 0 5
C L : 1 0 0 0 4 0 5
C L : 1 0 0 0 4 0 5
C L : 0 0 0 0 5 9 9
C L : 1 0 0 0 4 0 5
C L : 1 0 0 0 4 0 5
C L : 0 0 0 0 3 1 2
C L : 0 0 0 0 3 6 4
C L : 0 0 0 0 3 6 4
C L : 0 0 0 0 3 1 2
C L : 1 0 0 0 4 0 5
C L : 1 0 0 0 4 0 5
C L : 0 0 0 0 3 6 4
