G O : 0 0 9 7 6 1 7
G O : 0 0 9 7 6 1 7
G O : 0 0 9 7 6 1 7
G O : 0 0 9 7 6 1 7
G O : 0 0 9 7 6 1 7
G O : 0 0 9 7 6 1 7
G O : 0 0 9 7 6 1 7
G O : 0 0 4 6 8 1 3
G O : 0 0 9 7 6 1 7
G O : 0 0 9 7 6 1 7
G O : 0 0 9 7 6 1 7
G O : 0 0 9 7 6 1 7
G O : 0 0 9 7 6 1 7
G O : 0 0 9 7 6 1 7
G O : 0 0 9 7 6 1 7
G O : 0 0 9 7 6 1 7
G O : 0 0 9 7 6 1 7
G O : 0 0 9 7 6 1 7
G O : 0 0 9 7 6 1 7
G O : 0 0 9 7 6 1 7
G O : 0 0 9 7 6 1 7
G O : 0 0 9 7 6 1 7
G O : 0 0 9 7 6 1 7
G O : 0 0 9 7 6 1 7
G O : 0 0 9 7 6 1 7
G O : 0 0 9 7 6 1 7
G O : 0 0 9 7 6 1 7
G O : 0 0 9 7 6 1 7
G O : 0 0 9 7 6 1 7
G O : 0 0 9 7 6 1 7
G O : 0 0 9 7 6 1 7
G O : 0 0 9 7 6 1 7
G O : 0 0 9 7 6 1 7
G O : 0 0 9 7 6 1 7
G O : 0 0 9 7 6 1 7
G O : 0 0 9 7 6 1 7
G O : 0 0 9 7 6 1 7
G O : 0 0 9 7 6 1 7
G O : 0 0 9 7 6 1 7
G O : 0 0 9 7 6 1 7
G O : 0 0 9 7 6 1 7
G O : 0 0 9 7 6 1 7
G O : 0 0 9 7 6 1 7
G O : 0 0 9 7 6 1 7
G O : 0 0 9 7 6 1 7
G O : 0 0 9 7 6 1 7
G O : 0 0 9 7 6 1 7
G O : 0 0 9 7 6 1 7
G O : 0 0 9 7 6 1 7
G O : 0 0 9 7 6 1 7
G O : 0 0 9 7 6 1 7
G O : 0 0 9 7 6 1 7
G O : 0 0 9 7 6 1 7
G O : 0 0 9 7 6 1 7
G O : 0 0 9 7 6 1 7
G O : 0 0 9 7 6 1 7
G O : 0 0 9 7 6 1 7
G O : 0 0 9 7 6 1 7
G O : 0 0 9 7 6 1 7
G O : 0 0 9 7 6 1 7
G O : 0 0 9 7 6 1 7
G O : 0 0 9 7 6 1 7
G O : 0 0 9 7 6 1 7
G O : 0 0 9 7 6 1 7
G O : 0 0 9 7 6 1 7
G O : 0 0 9 7 6 1 7
G O : 0 0 9 7 6 1 7
G O : 0 0 3 2 0 3 3
G O : 0 0 9 7 6 1 7
G O : 0 0 9 7 6 1 7
G O : 0 0 9 7 6 1 7
G O : 0 0 9 7 6 1 7
G O : 0 0 9 7 6 1 7
G O : 0 0 9 7 6 1 7
G O : 0 0 9 7 6 1 7
G O : 0 0 9 7 6 1 7
G O : 0 0 9 7 6 1 7
G O : 0 0 9 7 6 1 7
G O : 0 0 9 7 6 1 7
G O : 0 0 9 7 6 1 7
G O : 0 0 9 7 6 1 7
G O : 0 0 9 7 6 1 7
G O : 0 0 9 7 6 1 7
G O : 0 0 9 7 6 1 7
G O : 0 0 9 7 6 1 7
G O : 0 0 9 7 6 1 7
G O : 0 0 9 7 6 1 7
G O : 0 0 9 7 6 1 7
G O : 0 0 9 7 6 1 7
G O : 0 0 9 7 6 1 7
G O : 0 0 9 7 6 1 7
G O : 0 0 9 7 6 1 7
G O : 0 0 9 7 6 1 7
G O : 0 0 9 7 6 1 7
