G O : 7 8 0 2 6 3 9
G O : 7 8 0 2 6 3 9
G O : 7 8 0 2 6 3 9
G O : 7 8 0 2 6 3 9
G O : 7 8 0 2 6 3 9
G O : 7 8 0 2 6 3 9
G O : 7 8 0 2 6 3 9
G O : 4 1 3 7 0 9 6
G O : 7 8 0 2 6 3 9
G O : 7 8 0 2 6 3 9
G O : 7 8 0 2 6 3 9
G O : 7 8 0 2 6 3 9
G O : 7 8 0 2 6 3 9
G O : 7 8 0 2 6 3 9
G O : 7 8 0 2 6 3 9
G O : 7 8 0 2 6 3 9
G O : 7 8 0 2 6 3 9
G O : 7 8 0 2 6 3 9
G O : 7 8 0 2 6 3 9
G O : 7 8 0 2 6 3 9
G O : 7 8 0 2 6 3 9
G O : 7 8 0 2 6 3 9
G O : 7 8 0 2 6 3 9
G O : 7 8 0 2 6 3 9
G O : 7 8 0 2 6 3 9
G O : 7 8 0 2 6 3 9
G O : 7 8 0 2 6 3 9
G O : 7 8 0 2 6 3 9
G O : 7 8 0 2 6 3 9
G O : 7 8 0 2 6 3 9
G O : 7 8 0 2 6 3 9
G O : 7 8 0 2 6 3 9
G O : 7 8 0 2 6 3 9
G O : 7 8 0 2 6 3 9
G O : 7 8 0 2 6 3 9
G O : 7 8 0 2 6 3 9
G O : 7 8 0 2 6 3 9
G O : 7 8 0 2 6 3 9
G O : 7 8 0 2 6 3 9
G O : 7 8 0 2 6 3 9
G O : 7 8 0 2 6 3 9
G O : 7 8 0 2 6 3 9
G O : 7 8 0 2 6 3 9
G O : 7 8 0 2 6 3 9
G O : 7 8 0 2 6 3 9
G O : 7 8 0 2 6 3 9
G O : 7 8 0 2 6 3 9
G O : 7 8 0 2 6 3 9
G O : 7 8 0 2 6 3 9
G O : 7 8 0 2 6 3 9
G O : 7 8 0 2 6 3 9
G O : 7 8 0 2 6 3 9
G O : 7 8 0 2 6 3 9
G O : 7 8 0 2 6 3 9
G O : 7 8 0 2 6 3 9
G O : 7 8 0 2 6 3 9
G O : 7 8 0 2 6 3 9
G O : 7 8 0 2 6 3 9
G O : 7 8 0 2 6 3 9
G O : 7 8 0 2 6 3 9
G O : 7 8 0 2 6 3 9
G O : 7 8 0 2 6 3 9
G O : 7 8 0 2 6 3 9
G O : 7 8 0 2 6 3 9
G O : 7 8 0 2 6 3 9
G O : 7 8 0 2 6 3 9
G O : 7 8 0 2 6 3 9
G O : 4 0 3 8 2 4 6
G O : 7 8 0 2 6 3 9
G O : 7 8 0 2 6 3 9
G O : 7 8 0 2 6 3 9
G O : 7 8 0 2 6 3 9
G O : 7 8 0 2 6 3 9
G O : 7 8 0 2 6 3 9
G O : 7 8 0 2 6 3 9
G O : 7 8 0 2 6 3 9
G O : 7 8 0 2 6 3 9
G O : 7 8 0 2 6 3 9
G O : 7 8 0 2 6 3 9
G O : 7 8 0 2 6 3 9
G O : 7 8 0 2 6 3 9
G O : 7 8 0 2 6 3 9
G O : 7 8 0 2 6 3 9
G O : 7 8 0 2 6 3 9
G O : 7 8 0 2 6 3 9
G O : 7 8 0 2 6 3 9
G O : 7 8 0 2 6 3 9
G O : 7 8 0 2 6 3 9
G O : 7 8 0 2 6 3 9
G O : 7 8 0 2 6 3 9
G O : 7 8 0 2 6 3 9
G O : 7 8 0 2 6 3 9
G O : 7 8 0 2 6 3 9
G O : 7 8 0 2 6 3 9
