G O : 0 0 3 5 0 0 4
G O : 0 0 3 5 0 0 4
G O : 0 0 3 5 0 0 4
G O : 0 0 3 5 0 0 4
G O : 0 0 3 5 0 0 4
G O : 0 0 3 5 0 0 4
G O : 0 0 3 5 0 0 4
G O : 0 0 3 5 8 7 7
G O : 0 0 3 5 0 0 4
G O : 0 0 3 5 0 0 4
G O : 0 0 3 5 0 0 4
G O : 0 0 3 5 0 0 4
G O : 0 0 3 5 0 0 4
G O : 0 0 3 5 0 0 4
G O : 0 0 3 5 0 0 4
G O : 0 0 3 5 0 0 4
G O : 0 0 3 5 0 0 4
G O : 0 0 3 5 0 0 4
G O : 0 0 3 5 0 0 4
G O : 0 0 3 5 0 0 4
G O : 0 0 3 5 0 0 4
G O : 0 0 3 5 0 0 4
G O : 0 0 3 5 0 0 4
G O : 0 0 3 5 0 0 4
G O : 0 0 3 5 0 0 4
G O : 0 0 3 5 0 0 4
G O : 0 0 3 5 0 0 4
G O : 0 0 3 5 0 0 4
G O : 0 0 3 5 0 0 4
G O : 0 0 3 5 0 0 4
G O : 0 0 3 5 0 0 4
G O : 0 0 3 5 0 0 4
G O : 0 0 3 5 0 0 4
G O : 0 0 3 5 0 0 4
G O : 0 0 3 5 0 0 4
G O : 0 0 3 5 0 0 4
G O : 0 0 3 5 0 0 4
G O : 0 0 3 5 0 0 4
G O : 0 0 3 5 0 0 4
G O : 0 0 3 5 0 0 4
G O : 0 0 3 5 0 0 4
G O : 0 0 3 5 0 0 4
G O : 0 0 3 5 0 0 4
G O : 0 0 3 5 0 0 4
G O : 0 0 3 5 0 0 4
G O : 0 0 3 5 0 0 4
G O : 0 0 3 5 0 0 4
G O : 0 0 3 5 0 0 4
G O : 0 0 3 5 0 0 4
G O : 0 0 3 5 0 0 4
G O : 0 0 3 5 0 0 4
G O : 0 0 3 5 0 0 4
G O : 0 0 3 5 0 0 4
G O : 0 0 3 5 0 0 4
G O : 0 0 3 5 0 0 4
G O : 0 0 3 5 0 0 4
G O : 0 0 3 5 0 0 4
G O : 0 0 3 5 0 0 4
G O : 0 0 3 5 0 0 4
G O : 0 0 3 5 0 0 4
G O : 0 0 3 5 0 0 4
G O : 0 0 3 5 0 0 4
G O : 0 0 3 5 0 0 4
G O : 0 0 3 5 0 0 4
G O : 0 0 3 5 0 0 4
G O : 0 0 3 5 0 0 4
G O : 0 0 3 5 0 0 4
G O : 0 0 6 1 5 9 3
G O : 0 0 3 5 0 0 4
G O : 0 0 3 5 0 0 4
G O : 0 0 3 5 0 0 4
G O : 0 0 3 5 0 0 4
G O : 0 0 3 5 0 0 4
G O : 0 0 3 5 0 0 4
G O : 0 0 3 5 0 0 4
G O : 0 0 3 5 0 0 4
G O : 0 0 3 5 0 0 4
G O : 0 0 3 5 0 0 4
G O : 0 0 3 5 0 0 4
G O : 0 0 3 5 0 0 4
G O : 0 0 3 5 0 0 4
G O : 0 0 3 5 0 0 4
G O : 0 0 3 5 0 0 4
G O : 0 0 3 5 0 0 4
G O : 0 0 3 5 0 0 4
G O : 0 0 3 5 0 0 4
G O : 0 0 3 5 0 0 4
G O : 0 0 3 5 0 0 4
G O : 0 0 3 5 0 0 4
G O : 0 0 3 5 0 0 4
G O : 0 0 3 5 0 0 4
G O : 0 0 3 5 0 0 4
G O : 0 0 3 5 0 0 4
G O : 0 0 3 5 0 0 4
