S O : 0 0 0 0 7 7 1
S O : 0 0 0 0 7 0 4
S O : 0 0 0 0 7 7 1
S O : 0 0 0 0 7 7 1
S O : 0 0 0 0 7 7 1
S O : 0 0 0 0 7 0 4
S O : 0 0 0 0 7 0 4
S O : 0 0 0 0 7 0 4
S O : 0 0 0 0 7 0 4
S O : 0 0 0 0 7 0 4
S O : 0 0 0 0 7 0 4
S O : 0 0 0 0 7 7 1
S O : 0 0 0 0 7 7 1
S O : 0 0 0 0 7 0 4
S O : 0 0 0 0 7 0 4
S O : 0 0 0 0 7 0 4
S O : 0 0 0 0 7 7 1
S O : 0 0 0 0 7 0 4
S O : 0 0 0 0 7 0 4
S O : 0 0 0 0 7 7 1
S O : 0 0 0 0 7 7 1
S O : 0 0 0 1 0 2 3
S O : 0 0 0 0 7 7 1
S O : 0 0 0 0 7 0 4
S O : 0 0 0 1 0 2 6
S O : 0 0 0 1 0 2 6
S O : 0 0 0 1 0 2 3
S O : 0 0 0 1 0 2 3
S O : 0 0 0 1 0 2 3
S O : 0 0 0 1 0 2 3
S O : 0 0 0 1 0 2 3
S O : 0 0 0 1 0 2 3
S O : 0 0 0 1 0 2 3
S O : 0 0 0 1 0 2 6
S O : 0 0 0 0 7 7 1
S O : 0 0 0 1 0 2 3
S O : 0 0 0 0 7 0 4
S O : 0 0 0 0 7 0 4
S O : 0 0 0 0 7 7 1
S O : 0 0 0 0 7 7 1
S O : 0 0 0 0 7 7 1
S O : 0 0 0 0 7 0 4
S O : 0 0 0 0 7 0 4
S O : 0 0 0 1 0 2 6
S O : 0 0 0 0 7 0 4
S O : 0 0 0 0 7 0 4
S O : 0 0 0 0 7 7 1
S O : 0 0 0 0 7 0 4
S O : 0 0 0 1 0 2 3
S O : 0 0 0 0 7 7 1
S O : 0 0 0 0 7 0 4
S O : 0 0 0 0 7 7 1
S O : 0 0 0 0 7 0 4
S O : 0 0 0 0 7 7 1
S O : 0 0 0 0 7 7 1
S O : 0 0 0 0 8 9 2
S O : 0 0 0 0 7 7 1
S O : 0 0 0 0 7 0 4
S O : 0 0 0 0 7 0 4
S O : 0 0 0 0 7 0 4
S O : 0 0 0 0 7 0 4
S O : 0 0 0 0 7 0 4
S O : 0 0 0 0 7 7 1
S O : 0 0 0 0 7 0 4
S O : 0 0 0 0 7 0 4
S O : 0 0 0 0 7 0 4
S O : 0 0 0 0 7 0 4
S O : 0 0 0 0 7 7 1
S O : 0 0 0 0 7 7 1
S O : 0 0 0 0 7 7 1
S O : 0 0 0 1 0 2 6
S O : 0 0 0 1 0 2 3
S O : 0 0 0 0 7 7 1
S O : 0 0 0 1 0 2 6
S O : 0 0 0 1 0 2 6
S O : 0 0 0 0 7 7 1
S O : 0 0 0 0 7 7 1
S O : 0 0 0 0 7 0 4
S O : 0 0 0 0 4 1 7
S O : 0 0 0 0 7 0 4
S O : 0 0 0 0 7 0 4
S O : 0 0 0 1 0 2 6
S O : 0 0 0 5 8 5 8
S O : 0 0 0 0 8 5 5
S O : 0 0 0 1 0 2 6
S O : 0 0 0 0 7 0 4
S O : 0 0 0 0 7 0 4
S O : 0 0 0 0 7 0 4
S O : 0 0 0 0 7 0 4
S O : 0 0 0 0 7 0 4
S O : 0 0 0 0 7 0 4
S O : 0 0 0 0 7 0 4
S O : 0 0 0 0 7 0 4
S O : 0 0 0 0 8 5 3
S O : 0 0 0 0 8 3 7
S O : 0 0 0 0 2 0 4
S O : 0 0 0 0 7 0 4
S O : 0 0 0 0 7 0 4
S O : 0 0 0 0 4 1 7
S O : 0 0 0 0 7 0 4
S O : 0 0 0 0 3 1 7
S O : 0 0 0 0 0 2 8
S O : 0 0 0 0 2 0 4
S O : 0 0 0 0 2 0 4
S O : 0 0 0 0 2 3 6
S O : 0 0 0 0 0 2 8
S O : 0 0 0 0 2 0 5
S O : 0 0 0 0 8 5 5
S O : 0 0 0 0 2 0 5
S O : 0 0 0 0 0 2 8
S O : 0 0 0 0 0 2 8
S O : 0 0 0 0 0 2 8
S O : 0 0 0 0 8 3 7
S O : 0 0 0 0 2 0 5
S O : 0 0 0 5 8 3 6
S O : 0 0 0 0 4 1 7
S O : 0 0 0 0 0 2 8
S O : 0 0 0 0 7 1 7
S O : 0 0 0 0 4 1 7
S O : 0 0 0 1 0 2 6
S O : 0 0 0 1 0 2 6
S O : 0 0 0 0 1 4 7
S O : 0 0 0 0 1 4 7
S O : 0 0 0 0 1 8 8
S O : 0 0 0 0 1 4 7
S O : 0 0 0 1 0 2 6
S O : 0 0 0 0 7 0 4
S O : 0 0 0 1 0 2 6
S O : 0 0 0 0 7 0 4
S O : 0 0 0 0 1 4 7
S O : 0 0 0 0 1 8 8
S O : 0 0 0 0 3 6 6
S O : 0 0 0 0 1 4 7
S O : 0 0 0 0 1 4 7
S O : 0 0 0 0 1 8 8
S O : 0 0 0 0 7 0 4
S O : 0 0 0 0 1 8 8
S O : 0 0 0 0 1 1 2
S O : 0 0 0 0 1 8 8
S O : 0 0 0 1 0 2 6
S O : 0 0 0 0 7 0 4
S O : 0 0 0 0 8 6 0
S O : 0 0 0 0 7 0 4
S O : 0 0 0 1 0 2 3
S O : 0 0 0 0 6 7 3
S O : 1 0 0 1 1 8 7
S O : 0 0 0 0 3 1 7
S O : 0 0 0 0 6 7 3
S O : 0 0 0 0 7 0 4
S O : 0 0 0 1 0 2 6
S O : 0 0 0 0 1 1 2
S O : 0 0 0 0 1 8 8
S O : 0 0 0 1 0 2 6
S O : 0 0 0 0 9 3 2
S O : 0 0 0 0 7 0 4
S O : 0 0 0 0 7 0 4
S O : 0 0 0 0 1 8 2
S O : 0 0 0 0 1 4 7
S O : 0 0 0 0 6 1 2
S O : 0 0 0 1 0 2 6
S O : 0 0 0 0 8 5 5
S O : 0 0 0 0 2 0 5
S O : 0 0 0 0 4 1 7
S O : 0 0 0 0 8 5 7
S O : 0 0 0 0 3 1 7
S O : 0 0 0 0 3 1 7
S O : 0 0 0 0 1 1 2
S O : 0 0 0 0 1 1 2
S O : 0 0 0 0 1 1 2
S O : 0 0 0 0 0 0 6
S O : 0 0 0 0 4 4 0
S O : 0 0 0 0 2 0 4
S O : 0 0 0 0 3 1 7
S O : 0 0 0 0 3 1 7
S O : 0 0 0 0 6 6 7
S O : 0 0 0 0 0 4 0
S O : 0 0 0 1 0 2 6
S O : 0 0 0 0 3 5 7
S O : 0 0 0 0 1 4 7
S O : 0 0 0 0 1 1 2
S O : 0 0 0 0 1 8 8
S O : 0 0 0 0 3 5 7
S O : 0 0 0 0 1 4 7
S O : 0 0 0 0 1 1 2
S O : 0 0 0 0 0 2 8
S O : 0 0 0 1 0 2 6
S O : 0 0 0 0 7 0 4
S O : 0 0 0 0 6 7 3
S O : 0 0 0 0 1 1 2
S O : 0 0 0 0 0 2 8
S O : 0 0 0 0 0 2 8
S O : 0 0 0 0 1 1 2
S O : 0 0 0 0 1 8 8
S O : 0 0 0 0 3 6 6
S O : 0 0 0 0 8 1 6
S O : 0 0 0 1 8 1 7
S O : 0 0 0 0 4 4 0
S O : 0 0 0 0 4 4 0
S O : 0 0 0 1 0 2 3
S O : 0 0 0 0 4 1 7
S O : 0 0 0 0 4 0 9
S O : 0 0 0 0 4 1 7
S O : 0 0 0 0 7 0 4
S O : 0 0 0 0 4 1 7
S O : 0 0 0 1 0 2 3
S O : 0 0 0 0 4 0 9
S O : 0 0 0 0 4 1 7
S O : 0 0 0 1 0 2 3
S O : 0 0 0 1 0 2 3
S O : 0 0 0 1 0 2 3
S O : 0 0 0 0 4 0 9
S O : 0 0 0 1 5 8 7
S O : 0 0 0 0 4 0 9
S O : 0 0 0 1 6 4 4
S O : 0 0 0 1 0 2 3
S O : 0 0 0 1 0 2 3
S O : 0 0 0 0 4 1 7
S O : 0 0 0 0 4 0 9
S O : 0 0 0 1 0 2 3
S O : 0 0 0 1 0 2 3
S O : 0 0 0 0 1 6 7
S O : 0 0 0 0 9 0 2
S O : 0 0 0 1 0 2 3
S O : 0 0 0 1 0 2 3
S O : 0 0 0 1 0 2 3
S O : 0 0 0 1 0 2 3
S O : 0 0 0 1 0 2 3
S O : 0 0 0 1 0 2 3
S O : 0 0 0 1 0 2 3
S O : 0 0 0 1 0 2 3
S O : 0 0 0 0 9 0 2
S O : 0 0 0 1 0 2 3
S O : 0 0 0 1 0 2 3
S O : 0 0 0 1 0 2 3
S O : 0 0 0 0 4 1 7
S O : 0 0 0 1 0 2 3
S O : 0 0 0 0 4 1 7
S O : 0 0 0 0 4 1 0
S O : 0 0 0 0 4 0 9
S O : 0 0 0 0 4 0 9
S O : 0 0 0 0 4 1 7
S O : 0 0 0 1 0 2 3
S O : 0 0 0 1 0 2 3
S O : 0 0 0 1 0 2 3
S O : 0 0 0 0 4 1 7
S O : 0 0 0 0 4 1 7
S O : 0 0 0 1 0 2 3
S O : 0 0 0 0 7 0 4
S O : 0 0 0 1 0 2 3
S O : 0 0 0 1 0 2 3
S O : 0 0 0 1 0 2 3
S O : 0 0 0 1 0 2 3
S O : 0 0 0 1 0 2 3
S O : 0 0 0 0 4 1 7
S O : 0 0 0 0 4 1 7
S O : 0 0 0 0 4 0 9
S O : 0 0 0 1 0 2 3
S O : 0 0 0 0 4 0 9
S O : 0 0 0 0 7 0 4
S O : 0 0 0 0 7 0 4
S O : 0 0 0 0 0 6 1
S O : 0 0 0 1 6 4 4
S O : 0 0 0 0 4 4 0
S O : 0 0 0 0 1 4 7
S O : 0 0 0 1 6 4 4
S O : 0 0 0 1 0 2 6
S O : 0 0 0 1 6 4 4
S O : 0 0 0 1 6 4 4
S O : 0 0 0 1 0 2 6
S O : 0 0 0 0 1 4 7
S O : 0 0 0 0 4 0 9
S O : 0 0 0 1 6 4 4
S O : 0 0 0 1 5 8 7
S O : 0 0 0 0 4 0 9
S O : 0 0 0 5 8 5 3
S O : 0 0 0 0 6 6 7
S O : 0 0 0 0 4 1 7
S O : 0 0 0 0 4 1 7
S O : 0 0 0 0 8 5 7
S O : 0 0 0 0 4 1 7
S O : 0 0 0 1 0 2 3
S O : 0 0 0 1 0 2 3
S O : 0 0 0 1 0 2 6
S O : 0 0 0 0 4 0 9
S O : 0 0 0 1 0 2 3
S O : 0 0 0 0 4 0 9
S O : 0 0 0 1 0 2 3
S O : 0 0 0 0 3 1 9
S O : 0 0 0 0 4 0 9
S O : 0 0 0 1 6 4 4
S O : 0 0 0 1 0 2 3
S O : 0 0 0 0 1 4 7
S O : 0 0 0 1 6 4 4
S O : 0 0 0 0 1 4 7
S O : 0 0 0 1 0 2 3
S O : 0 0 0 1 0 2 3
S O : 0 0 0 1 0 2 3
S O : 0 0 0 0 1 4 7
S O : 0 0 0 0 1 4 7
S O : 0 0 0 0 1 4 7
S O : 0 0 0 0 3 5 0
S O : 0 0 0 0 3 4 6
S O : 0 0 0 1 0 2 3
S O : 0 0 0 1 0 2 3
S O : 0 0 0 1 0 2 3
S O : 0 0 0 1 0 2 3
S O : 0 0 0 1 0 2 3
S O : 0 0 0 1 0 2 3
S O : 0 0 0 0 7 0 4
S O : 0 0 0 0 7 0 4
S O : 0 0 0 1 0 6 0
S O : 0 0 0 0 0 7 7
S O : 0 0 0 1 0 6 0
S O : 0 0 0 0 7 0 4
S O : 0 0 0 0 7 0 4
S O : 0 0 0 0 1 4 7
S O : 0 0 0 1 0 2 6
S O : 0 0 0 0 1 4 7
S O : 0 0 0 0 2 0 4
S O : 0 0 0 0 1 4 7
S O : 0 0 0 0 2 0 5
S O : 0 0 0 0 8 5 2
S O : 0 0 0 1 6 4 4
S O : 0 0 0 0 1 4 7
S O : 0 0 0 0 4 4 0
S O : 0 0 0 0 7 0 4
S O : 0 0 0 5 8 5 3
S O : 0 0 0 0 6 1 0
S O : 0 0 0 0 7 0 4
S O : 0 0 0 0 1 4 7
S O : 0 0 0 0 7 0 4
S O : 0 0 0 5 8 5 3
S O : 0 0 0 0 1 4 7
S O : 0 0 0 0 1 4 7
S O : 0 0 0 0 1 4 7
S O : 0 0 0 0 7 0 4
S O : 0 0 0 1 6 4 4
S O : 0 0 0 0 1 4 7
S O : 0 0 0 0 7 0 4
S O : 0 0 0 5 8 5 3
S O : 0 0 0 5 8 5 3
S O : 0 0 0 1 6 4 4
S O : 0 0 0 0 6 4 4
S O : 0 0 0 0 6 4 4
S O : 0 0 0 0 6 4 4
S O : 0 0 0 0 6 4 4
S O : 0 0 0 0 8 4 2
S O : 0 0 0 0 7 0 4
S O : 0 0 0 0 7 0 4
S O : 0 0 0 0 1 6 7
S O : 0 0 0 0 0 4 0
S O : 0 0 0 0 1 5 3
S O : 0 0 0 1 0 2 6
S O : 0 0 0 0 3 4 5
S O : 0 0 0 0 1 5 3
S O : 0 0 0 1 6 4 4
S O : 0 0 0 0 1 4 7
S O : 0 0 0 0 7 0 4
S O : 0 0 0 0 4 4 0
S O : 0 0 0 0 0 0 6
S O : 0 0 0 0 1 1 2
S O : 0 0 0 5 8 5 3
S O : 0 0 0 0 1 1 2
S O : 0 0 0 5 8 5 3
S O : 0 0 0 1 6 4 4
S O : 0 0 0 1 6 4 4
S O : 0 0 0 1 6 4 4
S O : 0 0 0 0 1 1 2
S O : 0 0 0 0 1 1 2
S O : 0 0 0 1 0 2 3
S O : 0 0 0 0 0 2 8
S O : 0 0 0 0 2 0 5
S O : 0 0 0 0 0 2 8
S O : 0 0 0 0 2 0 5
S O : 0 0 0 0 1 1 2
S O : 0 0 0 0 0 0 6
S O : 0 0 0 0 0 7 7
S O : 0 0 0 1 2 0 6
S O : 0 0 0 0 7 0 4
S O : 0 0 0 1 0 2 3
S O : 0 0 0 0 7 0 4
S O : 0 0 0 0 8 5 3
S O : 0 0 0 0 7 0 4
S O : 0 0 0 1 0 2 6
S O : 0 0 0 0 7 0 4
S O : 0 0 0 0 7 0 4
S O : 0 0 0 1 0 2 3
S O : 0 0 0 0 7 0 4
S O : 0 0 0 1 0 2 3
S O : 0 0 0 1 0 2 3
S O : 0 0 0 1 0 2 3
S O : 0 0 0 0 7 0 4
S O : 0 0 0 0 6 4 6
S O : 0 0 0 0 6 4 6
S O : 0 0 0 1 0 2 3
S O : 0 0 0 0 7 0 4
S O : 0 0 0 1 0 2 3
S O : 0 0 0 0 7 0 4
S O : 0 0 0 1 0 2 3
S O : 0 0 0 0 7 0 4
S O : 0 0 0 0 1 8 8
S O : 0 0 0 5 8 5 3
S O : 0 0 0 0 1 6 7
S O : 0 0 0 5 8 5 3
S O : 0 0 0 1 0 2 3
S O : 0 0 0 0 7 0 4
S O : 0 0 0 1 0 2 3
S O : 0 0 0 1 0 2 3
S O : 0 0 0 1 0 2 3
S O : 0 0 0 0 7 0 4
S O : 0 0 0 0 1 4 7
S O : 0 0 0 0 3 5 7
S O : 0 0 0 0 3 4 6
S O : 0 0 0 5 8 5 3
S O : 0 0 0 1 0 2 3
S O : 0 0 0 5 8 5 3
S O : 0 0 0 0 3 5 9
S O : 0 0 0 0 3 5 9
S O : 0 0 0 1 0 2 3
S O : 0 0 0 0 3 4 6
S O : 0 0 0 0 3 4 6
S O : 0 0 0 0 7 0 4
S O : 0 0 0 0 7 0 4
S O : 0 0 0 0 7 0 4
S O : 0 0 0 0 1 6 7
S O : 0 0 0 0 7 0 4
S O : 0 0 0 0 7 0 4
S O : 0 0 0 0 7 0 4
S O : 0 0 0 0 1 6 7
S O : 0 0 0 0 7 0 4
S O : 0 0 0 0 1 6 7
S O : 0 0 0 0 1 6 7
S O : 0 0 0 0 3 4 6
S O : 0 0 0 0 3 4 6
S O : 0 0 0 0 3 4 6
S O : 0 0 0 0 3 4 6
S O : 0 0 0 0 3 4 6
S O : 0 0 0 0 7 0 4
S O : 0 0 0 1 0 2 3
S O : 0 0 0 0 7 0 4
S O : 0 0 0 1 0 2 3
S O : 0 0 0 1 0 2 3
S O : 0 0 0 1 0 2 3
S O : 0 0 0 0 7 0 4
S O : 0 0 0 0 7 0 4
S O : 0 0 0 0 7 0 4
S O : 0 0 0 1 0 2 3
S O : 0 0 0 0 1 1 2
S O : 0 0 0 1 6 4 4
S O : 0 0 0 1 0 2 6
S O : 0 0 0 0 1 4 7
S O : 0 0 0 1 0 2 6
S O : 0 0 0 1 0 2 6
S O : 0 0 0 1 0 2 3
S O : 0 0 0 0 3 4 6
S O : 0 0 0 1 0 2 3
S O : 0 0 0 1 0 2 3
S O : 0 0 0 0 3 4 6
S O : 0 0 0 0 3 5 9
S O : 0 0 0 1 0 2 3
S O : 0 0 0 0 3 4 6
S O : 0 0 0 0 1 1 2
S O : 0 0 0 0 1 1 2
S O : 0 0 0 0 1 1 2
S O : 0 0 0 1 0 2 3
S O : 0 0 0 0 1 1 2
S O : 0 0 0 0 3 4 6
S O : 0 0 0 0 3 4 6
S O : 0 0 0 0 0 2 8
S O : 0 0 0 0 1 4 7
S O : 0 0 0 0 1 2 1
S O : 0 0 0 0 1 4 7
S O : 0 0 0 0 1 4 7
S O : 0 0 0 0 1 3 2
S O : 0 0 0 0 0 0 6
S O : 0 0 0 0 1 1 2
S O : 0 0 0 0 0 2 8
S O : 0 0 0 0 8 5 3
S O : 0 0 0 0 6 4 6
S O : 0 0 0 0 6 4 6
S O : 0 0 0 1 0 2 3
S O : 0 0 0 0 1 4 7
S O : 0 0 0 0 1 2 1
S O : 0 0 0 0 1 4 7
S O : 0 0 0 0 1 3 2
S O : 0 0 0 0 7 0 4
S O : 0 0 0 5 8 5 3
S O : 0 0 0 0 3 5 9
S O : 0 0 0 0 1 4 7
S O : 0 0 0 1 0 2 6
S O : 0 0 0 0 1 4 7
S O : 0 0 0 5 8 5 3
S O : 0 0 0 0 3 4 6
S O : 0 0 0 1 0 2 6
S O : 0 0 0 0 1 1 2
S O : 0 0 0 0 3 5 9
S O : 0 0 0 1 0 2 3
S O : 0 0 0 0 3 4 6
S O : 0 0 0 1 0 2 3
S O : 0 0 0 0 3 4 6
S O : 0 0 0 0 3 5 9
S O : 0 0 0 0 3 4 6
S O : 0 0 0 0 3 4 6
S O : 0 0 0 0 3 4 6
S O : 0 0 0 0 1 1 2
S O : 0 0 0 0 3 4 6
S O : 0 0 0 0 3 4 6
S O : 0 0 0 0 3 4 6
S O : 0 0 0 0 3 4 6
S O : 0 0 0 0 3 4 6
S O : 0 0 0 0 1 1 2
S O : 0 0 0 0 3 4 6
S O : 0 0 0 1 0 2 3
S O : 0 0 0 0 3 4 6
S O : 0 0 0 0 3 4 6
S O : 0 0 0 1 0 2 3
S O : 0 0 0 0 7 0 4
S O : 0 0 0 0 7 0 4
S O : 0 0 0 0 7 0 4
S O : 0 0 0 1 0 2 6
S O : 0 0 0 0 7 0 4
S O : 0 0 0 0 7 0 4
S O : 0 0 0 0 7 0 4
S O : 0 0 0 0 7 0 4
S O : 0 0 0 0 2 3 6
S O : 0 0 0 5 8 5 3
S O : 0 0 0 0 3 5 7
S O : 0 0 0 0 3 4 6
S O : 0 0 0 5 8 5 3
S O : 0 0 0 1 0 2 6
S O : 0 0 0 0 7 0 4
S O : 0 0 0 0 1 4 7
S O : 0 0 0 1 2 1 4
S O : 0 0 0 1 2 1 4
S O : 0 0 0 5 8 5 3
S O : 0 0 0 0 2 3 6
S O : 0 0 0 0 7 0 4
S O : 0 0 0 5 8 5 3
S O : 0 0 0 0 8 4 2
S O : 0 0 0 0 3 4 6
S O : 0 0 0 0 1 1 2
S O : 0 0 0 1 0 2 3
S O : 0 0 0 1 0 2 3
S O : 0 0 0 0 0 0 6
S O : 0 0 0 0 0 2 8
S O : 0 0 0 0 1 1 2
S O : 0 0 0 1 0 2 3
S O : 0 0 0 0 0 0 6
S O : 0 0 0 0 0 2 8
S O : 0 0 0 0 1 1 2
S O : 0 0 0 0 7 0 4
S O : 0 0 0 0 7 0 4
S O : 0 0 0 0 7 0 4
S O : 0 0 0 1 0 2 6
S O : 0 0 0 0 8 5 3
S O : 0 0 0 0 0 4 3
S O : 0 0 0 0 1 8 8
S O : 0 0 0 0 8 5 3
S O : 0 0 0 0 3 3 6
S O : 0 0 0 0 7 0 4
S O : 0 0 0 0 9 0 2
S O : 0 0 0 0 1 6 7
S O : 0 0 0 0 9 0 2
S O : 0 0 0 0 7 0 4
S O : 0 0 0 0 7 0 4
S O : 0 0 0 0 7 0 4
S O : 0 0 0 1 0 2 6
S O : 0 0 0 0 3 2 3
S O : 0 0 0 0 3 1 9
S O : 0 0 0 5 8 5 3
S O : 0 0 0 0 3 5 7
S O : 0 0 0 0 3 4 6
S O : 0 0 0 1 0 2 6
S O : 0 0 0 5 8 5 3
S O : 0 0 0 0 1 5 5
S O : 0 0 0 1 0 2 6
S O : 0 0 0 0 7 0 4
S O : 0 0 0 0 1 1 2
S O : 0 0 0 1 0 2 3
S O : 0 0 0 0 0 0 6
S O : 0 0 0 0 0 2 8
S O : 0 0 0 0 1 1 2
S O : 0 0 0 1 0 2 3
S O : 0 0 0 0 0 0 6
S O : 0 0 0 0 0 2 8
S O : 0 0 0 0 1 1 2
S O : 0 0 0 0 9 0 2
S O : 0 0 0 0 9 8 7
S O : 0 0 0 0 7 0 4
S O : 0 0 0 0 9 0 2
S O : 0 0 0 0 7 0 4
S O : 0 0 0 0 7 0 4
S O : 0 0 0 0 7 0 4
S O : 0 0 0 0 7 0 4
S O : 0 0 0 0 7 0 4
S O : 0 0 0 1 0 8 0
S O : 0 0 0 0 4 1 7
S O : 0 0 0 0 7 0 4
S O : 0 0 0 0 7 0 4
S O : 0 0 0 1 0 2 3
S O : 0 0 0 0 8 5 5
S O : 0 0 0 0 7 0 4
S O : 0 0 0 0 6 7 3
S O : 0 0 0 0 7 0 4
S O : 0 0 0 0 4 1 7
S O : 0 0 0 0 4 1 7
S O : 0 0 0 1 0 8 0
S O : 0 0 0 0 4 1 7
S O : 0 0 0 0 4 1 7
S O : 0 0 0 1 0 8 0
S O : 0 0 0 0 4 1 7
S O : 1 0 0 1 1 8 7
S O : 0 0 0 0 2 3 6
S O : 0 0 0 0 0 2 8
S O : 0 0 0 0 0 2 8
S O : 0 0 0 0 3 4 5
S O : 0 0 0 0 2 3 6
S O : 0 0 0 0 0 2 8
S O : 0 0 0 0 6 7 3
S O : 0 0 0 1 0 8 0
S O : 0 0 0 1 0 8 0
S O : 0 0 0 1 0 8 0
S O : 0 0 0 0 8 5 7
S O : 0 0 0 0 4 1 7
S O : 0 0 0 0 4 1 7
S O : 0 0 0 0 4 1 7
S O : 0 0 0 0 4 1 7
S O : 0 0 0 0 4 1 7
S O : 0 0 0 1 4 3 4
S O : 0 0 0 1 0 8 0
S O : 0 0 0 0 4 1 7
S O : 0 0 0 0 4 1 7
S O : 0 0 0 0 8 5 7
S O : 0 0 0 0 7 3 0
S O : 0 0 0 0 3 4 3
S O : 0 0 0 0 3 4 5
S O : 0 0 0 0 7 0 4
S O : 0 0 0 0 1 4 7
S O : 0 0 0 0 7 0 4
S O : 0 0 0 0 4 1 7
S O : 0 0 0 1 0 8 0
S O : 0 0 0 0 8 5 7
S O : 1 0 0 1 1 8 7
S O : 0 0 0 1 0 8 0
S O : 0 0 0 1 0 8 0
S O : 1 0 0 1 1 8 7
S O : 1 0 0 1 1 8 7
S O : 1 0 0 1 1 8 7
S O : 1 0 0 1 1 8 7
S O : 1 0 0 1 1 8 7
S O : 1 0 0 1 1 8 7
S O : 0 0 0 1 0 8 0
S O : 0 0 0 0 4 1 7
S O : 0 0 0 1 0 8 0
S O : 0 0 0 1 0 8 0
S O : 0 0 0 0 4 1 7
S O : 0 0 0 0 4 1 7
S O : 0 0 0 1 0 8 0
S O : 0 0 0 0 4 1 7
S O : 0 0 0 0 7 0 4
S O : 0 0 0 0 7 0 4
S O : 0 0 0 0 8 5 7
S O : 0 0 0 0 7 0 4
S O : 0 0 0 0 8 5 4
S O : 0 0 0 0 4 1 7
S O : 0 0 0 0 7 0 4
S O : 0 0 0 0 7 0 4
S O : 0 0 0 0 8 5 7
S O : 0 0 0 1 0 8 0
S O : 0 0 0 0 7 0 4
S O : 0 0 0 0 1 5 5
S O : 0 0 0 0 4 4 0
S O : 0 0 0 0 4 4 0
S O : 0 0 0 0 4 4 0
S O : 0 0 0 0 1 1 2
S O : 0 0 0 0 3 4 5
S O : 0 0 0 0 0 0 6
S O : 0 0 0 0 4 4 0
S O : 0 0 0 0 3 8 2
S O : 0 0 0 0 4 4 0
S O : 0 0 0 0 4 1 7
S O : 0 0 0 0 4 4 0
S O : 0 0 0 0 4 1 7
S O : 0 0 0 0 4 1 7
S O : 0 0 0 0 7 0 4
S O : 0 0 0 0 4 4 0
S O : 0 0 0 0 4 1 7
S O : 0 0 0 0 0 2 8
S O : 0 0 0 0 0 7 7
S O : 0 0 0 0 4 4 0
S O : 0 0 0 0 7 0 4
S O : 0 0 0 1 0 6 0
S O : 0 0 0 0 7 0 4
S O : 0 0 0 0 7 0 4
S O : 0 0 0 0 0 7 7
S O : 0 0 0 0 7 0 4
S O : 0 0 0 0 6 7 3
S O : 0 0 0 0 7 0 4
S O : 0 0 0 0 7 0 4
S O : 0 0 0 0 7 0 4
S O : 0 0 0 0 7 0 4
S O : 0 0 0 0 4 4 0
S O : 0 0 0 0 7 0 4
S O : 0 0 0 0 4 4 0
S O : 0 0 0 0 7 0 4
S O : 0 0 0 0 7 0 4
S O : 0 0 0 0 7 0 4
S O : 0 0 0 1 0 2 6
S O : 0 0 0 0 7 0 4
S O : 0 0 0 0 7 0 4
S O : 0 0 0 1 0 2 3
S O : 0 0 0 0 7 0 4
S O : 0 0 0 0 1 6 7
S O : 0 0 0 0 7 0 4
S O : 0 0 0 0 7 0 4
S O : 0 0 0 0 9 0 2
S O : 0 0 0 0 3 5 9
S O : 0 0 0 1 0 2 3
S O : 0 0 0 0 9 0 2
S O : 0 0 0 0 7 0 4
S O : 0 0 0 0 7 0 4
S O : 0 0 0 1 0 6 0
S O : 0 0 0 0 3 5 9
S O : 0 0 0 1 0 2 3
S O : 0 0 0 0 9 0 2
S O : 0 0 0 0 3 5 9
S O : 0 0 0 1 0 2 3
S O : 0 0 0 0 9 0 2
S O : 0 0 0 0 3 5 9
S O : 0 0 0 0 1 1 2
S O : 0 0 0 0 1 2 1
S O : 0 0 0 1 0 3 0
S O : 0 0 0 0 1 3 2
S O : 0 0 0 1 0 3 1
S O : 0 0 0 0 7 0 4
S O : 0 0 0 0 7 0 4
S O : 0 0 0 0 1 1 2
S O : 0 0 0 0 1 3 2
S O : 0 0 0 1 0 3 1
S O : 0 0 0 0 1 2 1
S O : 0 0 0 1 0 3 0
S O : 0 0 0 0 1 3 2
S O : 0 0 0 1 0 3 1
S O : 0 0 0 0 1 2 1
S O : 0 0 0 1 0 3 0
S O : 0 0 0 0 1 3 2
S O : 0 0 0 1 0 3 1
S O : 0 0 0 0 1 2 1
S O : 0 0 0 1 0 3 0
S O : 0 0 0 0 1 3 2
S O : 0 0 0 1 0 3 1
S O : 0 0 0 0 1 2 1
S O : 0 0 0 1 0 3 0
S O : 0 0 0 0 1 3 2
S O : 0 0 0 1 0 3 1
S O : 0 0 0 0 1 2 1
S O : 0 0 0 1 0 3 0
S O : 0 0 0 0 7 0 4
S O : 0 0 0 0 7 0 4
S O : 0 0 0 1 0 6 0
S O : 0 0 0 0 7 0 4
S O : 0 0 0 0 7 0 4
S O : 0 0 0 0 7 0 4
S O : 0 0 0 1 0 2 3
S O : 0 0 0 0 4 1 7
S O : 0 0 0 0 7 0 4
S O : 0 0 0 0 4 4 0
S O : 0 0 0 0 1 4 7
S O : 0 0 0 0 7 0 4
S O : 0 0 0 1 0 2 6
S O : 0 0 0 0 6 6 7
S O : 0 0 0 0 1 4 7
S O : 0 0 0 0 7 0 4
S O : 0 0 0 0 1 5 5
S O : 0 0 0 0 3 1 8
S O : 0 0 0 0 1 4 7
S O : 0 0 0 0 1 4 7
S O : 0 0 0 1 0 2 3
S O : 0 0 0 0 1 1 2
S O : 0 0 0 0 1 4 7
S O : 0 0 0 0 7 0 4
S O : 0 0 0 0 0 2 8
S O : 0 0 0 1 0 2 3
S O : 0 0 0 0 7 0 4
S O : 0 0 0 0 1 4 7
S O : 0 0 0 0 7 0 4
S O : 0 0 0 1 0 6 0
S O : 0 0 0 0 3 1 8
S O : 0 0 0 0 1 4 7
S O : 0 0 0 1 0 6 0
S O : 0 0 0 1 0 2 3
S O : 0 0 0 0 7 0 4
S O : 0 0 0 1 0 2 3
S O : 0 0 0 1 0 6 0
S O : 0 0 0 1 0 6 0
S O : 0 0 0 0 7 0 4
S O : 0 0 0 0 7 0 4
S O : 0 0 0 0 4 0 9
S O : 0 0 0 0 4 1 7
S O : 0 0 0 0 4 1 7
S O : 0 0 0 0 7 0 4
S O : 0 0 0 0 7 0 4
S O : 0 0 0 0 7 0 4
S O : 0 0 0 0 7 0 4
S O : 0 0 0 0 7 0 4
S O : 0 0 0 0 7 0 4
S O : 0 0 0 0 7 0 4
S O : 0 0 0 0 7 0 4
S O : 0 0 0 1 0 2 6
S O : 0 0 0 0 7 0 4
S O : 0 0 0 0 1 0 1
S O : 0 0 0 1 0 2 6
S O : 0 0 0 1 0 2 6
S O : 0 0 0 0 7 0 4
S O : 0 0 0 1 0 2 6
S O : 0 0 0 1 0 2 6
S O : 0 0 0 0 7 0 4
S O : 0 0 0 0 7 0 4
S O : 0 0 0 0 3 5 9
S O : 0 0 0 5 8 5 3
S O : 0 0 0 0 7 0 4
S O : 0 0 0 0 7 0 4
S O : 0 0 0 0 7 0 4
S O : 0 0 0 0 7 0 4
S O : 0 0 0 0 7 0 4
S O : 0 0 0 1 0 2 3
S O : 0 0 0 0 7 0 4
S O : 0 0 0 1 0 2 6
S O : 0 0 0 0 7 0 4
S O : 0 0 0 0 7 0 4
S O : 0 0 0 0 9 0 2
S O : 0 0 0 0 7 0 4
S O : 0 0 0 0 7 0 4
S O : 0 0 0 0 0 8 4
S O : 0 0 0 1 5 2 8
S O : 0 0 0 1 5 2 8
S O : 0 0 0 0 4 4 0
S O : 0 0 0 0 1 6 7
S O : 0 0 0 0 7 0 4
S O : 0 0 0 0 9 0 2
S O : 0 0 0 0 9 0 2
S O : 0 0 0 0 1 6 7
S O : 0 0 0 0 9 0 2
S O : 0 0 0 0 7 0 4
S O : 0 0 0 1 0 2 6
S O : 0 0 0 0 7 0 4
S O : 0 0 0 0 7 0 4
S O : 0 0 0 1 0 2 6
S O : 0 0 0 0 7 0 4
S O : 0 0 0 1 0 2 6
S O : 0 0 0 0 1 5 5
S O : 0 0 0 0 1 5 5
S O : 0 0 0 0 4 4 0
S O : 0 0 0 0 9 8 8
S O : 0 0 0 0 1 5 5
S O : 0 0 0 0 9 0 2
S O : 0 0 0 0 9 0 2
S O : 0 0 0 0 3 6 6
S O : 0 0 0 0 7 0 4
S O : 0 0 0 0 1 5 5
S O : 0 0 0 0 9 0 2
S O : 0 0 0 0 9 0 2
S O : 0 0 0 0 9 0 2
S O : 0 0 0 0 7 0 4
S O : 0 0 0 0 9 0 2
S O : 0 0 0 0 7 0 4
S O : 0 0 0 0 7 0 4
S O : 0 0 0 0 7 0 4
S O : 0 0 0 0 7 0 4
S O : 0 0 0 0 7 0 4
S O : 0 0 0 0 7 0 4
S O : 0 0 0 0 7 0 4
S O : 0 0 0 0 3 4 6
S O : 0 0 0 1 0 2 6
S O : 0 0 0 0 3 5 9
S O : 0 0 0 0 9 0 2
S O : 0 0 0 0 1 6 7
S O : 0 0 0 0 7 0 4
S O : 0 0 0 0 3 5 9
S O : 0 0 0 0 9 0 2
S O : 0 0 0 0 7 0 4
S O : 0 0 0 0 9 0 2
S O : 0 0 0 0 7 0 4
S O : 0 0 0 0 9 0 2
S O : 0 0 0 0 7 0 4
S O : 0 0 0 0 9 0 2
S O : 0 0 0 0 7 0 4
S O : 0 0 0 1 5 2 8
S O : 0 0 0 0 1 5 5
S O : 0 0 0 0 2 4 3
S O : 0 0 0 0 1 5 5
S O : 0 0 0 0 4 4 0
S O : 0 0 0 0 2 4 3
S O : 0 0 0 0 2 4 3
S O : 0 0 0 0 4 4 0
S O : 0 0 0 0 4 4 0
S O : 0 0 0 0 2 4 3
S O : 0 0 0 0 6 6 7
S O : 0 0 0 0 4 4 0
S O : 0 0 0 0 4 4 0
S O : 0 0 0 1 5 7 4
S O : 0 0 0 0 4 4 0
S O : 0 0 0 0 1 6 7
S O : 0 0 0 1 0 2 6
S O : 0 0 0 1 5 2 8
S O : 0 0 0 0 9 0 2
S O : 0 0 0 1 5 7 4
S O : 0 0 0 0 7 0 4
S O : 0 0 0 0 7 0 4
S O : 0 0 0 0 4 4 0
S O : 0 0 0 0 9 8 8
S O : 0 0 0 0 1 5 5
S O : 0 0 0 0 1 5 5
S O : 0 0 0 0 4 4 0
S O : 0 0 0 0 9 0 2
S O : 0 0 0 0 9 0 2
S O : 0 0 0 1 0 2 6
S O : 0 0 0 0 4 4 0
S O : 0 0 0 0 7 0 4
S O : 0 0 0 1 0 2 6
S O : 0 0 0 0 1 1 2
S O : 0 0 0 1 0 2 6
S O : 0 0 0 0 1 1 2
S O : 0 0 0 1 0 2 3
S O : 0 0 0 5 8 5 3
S O : 0 0 0 0 0 2 8
S O : 0 0 0 1 0 2 3
S O : 0 0 0 0 0 2 8
S O : 0 0 0 0 1 1 2
S O : 0 0 0 1 0 2 3
S O : 0 0 0 1 0 2 3
S O : 0 0 0 0 0 0 6
S O : 0 0 0 0 1 4 7
S O : 0 0 0 0 1 4 7
S O : 0 0 0 0 7 0 4
S O : 0 0 0 0 1 4 7
S O : 0 0 0 0 3 5 9
S O : 0 0 0 0 2 4 3
S O : 0 0 0 0 2 4 3
S O : 0 0 0 1 5 2 8
S O : 0 0 0 0 2 4 3
S O : 0 0 0 0 5 5 1
S O : 0 0 0 0 3 5 9
S O : 0 0 0 0 1 6 7
S O : 0 0 0 0 9 0 2
S O : 0 0 0 0 3 5 9
S O : 0 0 0 0 1 5 5
S O : 0 0 0 0 4 4 0
S O : 0 0 0 0 9 0 2
S O : 0 0 0 0 1 6 7
S O : 0 0 0 0 2 4 3
S O : 0 0 0 0 9 0 2
S O : 0 0 0 1 0 2 3
S O : 0 0 0 0 9 0 2
S O : 0 0 0 0 9 0 2
S O : 0 0 0 0 3 4 6
S O : 0 0 0 0 9 0 2
S O : 0 0 0 0 3 5 9
S O : 0 0 0 0 2 4 3
S O : 0 0 0 0 9 0 2
S O : 0 0 0 0 2 4 3
S O : 0 0 0 0 2 4 3
S O : 0 0 0 0 2 4 3
S O : 0 0 0 0 2 4 3
S O : 0 0 0 0 2 4 3
S O : 0 0 0 0 2 4 3
S O : 0 0 0 0 2 4 3
S O : 0 0 0 0 9 0 2
S O : 0 0 0 1 0 2 3
S O : 0 0 0 0 2 4 3
S O : 0 0 0 0 2 4 3
S O : 0 0 0 0 9 0 2
S O : 0 0 0 0 7 0 4
S O : 0 0 0 0 9 0 2
S O : 0 0 0 0 1 6 7
S O : 0 0 0 0 1 6 7
S O : 0 0 0 0 7 0 4
S O : 0 0 0 0 9 0 2
S O : 0 0 0 1 0 2 6
S O : 0 0 0 0 2 4 3
S O : 0 0 0 0 4 4 0
S O : 0 0 0 0 2 4 3
S O : 0 0 0 0 9 0 2
S O : 0 0 0 0 1 4 7
S O : 0 0 0 0 7 0 4
S O : 0 0 0 0 3 4 6
S O : 0 0 0 1 4 1 4
S O : 0 0 0 0 0 6 1
S O : 0 0 0 1 0 2 6
S O : 0 0 0 0 1 5 5
S O : 0 0 0 5 8 5 3
S O : 0 0 0 0 1 5 5
S O : 0 0 0 0 9 0 2
S O : 0 0 0 0 3 4 6
S O : 0 0 0 0 2 4 3
S O : 0 0 0 0 8 7 9
S O : 0 0 0 0 9 0 2
S O : 0 0 0 0 9 0 2
S O : 0 0 0 0 7 0 4
S O : 0 0 0 0 2 4 3
S O : 0 0 0 0 7 0 4
S O : 0 0 0 0 7 0 4
S O : 0 0 0 0 7 0 4
S O : 0 0 0 0 7 0 4
S O : 0 0 0 0 2 4 3
S O : 0 0 0 0 8 7 9
S O : 0 0 0 0 9 0 2
S O : 0 0 0 0 2 4 3
S O : 0 0 0 0 2 4 3
S O : 0 0 0 0 2 4 3
S O : 0 0 0 0 7 0 4
S O : 0 0 0 5 8 5 3
S O : 0 0 0 0 1 8 8
S O : 0 0 0 0 7 0 4
S O : 0 0 0 0 7 0 4
S O : 0 0 0 0 7 0 4
S O : 0 0 0 0 1 8 8
S O : 0 0 0 0 7 0 4
S O : 0 0 0 0 7 0 4
S O : 0 0 0 0 4 0 9
S O : 0 0 0 0 4 0 9
S O : 0 0 0 0 7 0 4
S O : 0 0 0 0 7 0 4
S O : 0 0 0 0 7 0 4
S O : 0 0 0 0 1 8 8
S O : 0 0 0 1 0 2 6
S O : 0 0 0 0 1 8 8
S O : 0 0 0 1 0 2 3
S O : 0 0 0 0 7 0 4
S O : 0 0 0 1 0 2 3
S O : 0 0 0 0 1 4 7
S O : 0 0 0 0 7 0 4
S O : 0 0 0 0 3 5 7
S O : 0 0 0 0 3 4 6
S O : 0 0 0 0 7 0 4
S O : 0 0 0 0 1 9 3
S O : 0 0 0 0 1 4 7
S O : 0 0 0 0 3 5 7
S O : 0 0 0 0 3 4 6
S O : 0 0 0 0 3 5 9
S O : 0 0 0 1 0 3 0
S O : 0 0 0 1 0 2 3
S O : 0 0 0 1 0 3 0
S O : 0 0 0 1 0 3 0
S O : 0 0 0 1 0 3 0
S O : 0 0 0 1 0 3 0
S O : 0 0 0 1 0 2 3
S O : 0 0 0 1 0 2 3
S O : 0 0 0 1 0 3 0
S O : 0 0 0 1 0 3 0
S O : 0 0 0 1 0 3 0
S O : 0 0 0 0 3 5 9
S O : 0 0 0 1 0 3 0
S O : 0 0 0 1 0 3 0
S O : 0 0 0 1 0 3 0
S O : 0 0 0 1 0 3 0
S O : 0 0 0 1 0 3 0
S O : 0 0 0 1 0 3 0
S O : 0 0 0 1 0 3 0
S O : 0 0 0 1 0 3 0
S O : 0 0 0 1 0 3 0
S O : 0 0 0 1 0 3 0
S O : 0 0 0 0 7 0 4
S O : 0 0 0 0 3 4 6
S O : 0 0 0 0 3 5 7
S O : 0 0 0 0 1 4 7
S O : 0 0 0 0 7 0 4
S O : 0 0 0 0 3 4 6
S O : 0 0 0 0 3 5 9
S O : 0 0 0 0 9 0 2
S O : 0 0 0 0 1 6 7
S O : 0 0 0 0 1 9 3
S O : 0 0 0 1 0 2 6
S O : 0 0 0 0 3 4 6
S O : 0 0 0 1 0 2 3
S O : 0 0 0 0 1 4 7
S O : 0 0 0 1 0 2 3
S O : 0 0 0 0 9 0 2
S O : 0 0 0 1 0 2 3
S O : 0 0 0 1 0 3 0
S O : 0 0 0 0 3 5 9
S O : 0 0 0 1 0 2 3
S O : 0 0 0 1 0 3 0
S O : 0 0 0 1 0 3 0
S O : 0 0 0 1 0 3 0
S O : 0 0 0 1 0 3 0
S O : 0 0 0 1 0 3 0
S O : 0 0 0 1 0 3 0
S O : 0 0 0 1 0 3 0
S O : 0 0 0 1 0 3 0
S O : 0 0 0 1 0 3 0
S O : 0 0 0 0 1 4 7
S O : 0 0 0 0 3 4 6
S O : 0 0 0 0 1 4 7
S O : 0 0 0 0 7 0 4
S O : 0 0 0 0 7 0 4
S O : 0 0 0 0 7 0 4
S O : 0 0 0 0 7 0 4
S O : 0 0 0 0 1 8 8
S O : 0 0 0 1 0 2 3
S O : 0 0 0 1 0 2 3
S O : 0 0 0 0 7 0 4
S O : 0 0 0 0 7 0 4
S O : 0 0 0 0 1 8 8
S O : 0 0 0 1 0 2 3
S O : 0 0 0 0 9 7 6
S O : 0 0 0 0 7 0 4
S O : 0 0 0 0 7 0 4
S O : 0 0 0 0 7 0 4
S O : 0 0 0 1 0 2 3
S O : 0 0 0 1 0 2 3
S O : 0 0 0 0 1 8 8
S O : 0 0 0 0 7 0 4
S O : 0 0 0 0 4 0 9
S O : 0 0 0 0 4 0 9
S O : 0 0 0 1 0 6 0
S O : 0 0 0 0 7 0 4
S O : 0 0 0 0 7 0 4
S O : 0 0 0 0 7 0 4
S O : 0 0 0 1 0 2 6
S O : 0 0 0 0 1 4 7
S O : 0 0 0 0 7 0 4
S O : 0 0 0 1 0 2 6
S O : 0 0 0 0 3 4 6
S O : 0 0 0 0 0 2 8
S O : 0 0 0 0 1 4 7
S O : 0 0 0 0 7 0 4
S O : 0 0 0 0 1 6 7
S O : 0 0 0 0 5 5 1
S O : 0 0 0 0 3 4 6
S O : 0 0 0 0 0 2 8
S O : 0 0 0 0 1 4 7
S O : 0 0 0 0 7 0 4
S O : 0 0 0 5 8 5 3
S O : 0 0 0 1 0 2 6
S O : 0 0 0 0 7 0 4
S O : 0 0 0 1 0 2 6
S O : 0 0 0 5 8 5 3
S O : 0 0 0 1 6 4 4
S O : 0 0 0 1 0 2 3
S O : 0 0 0 1 0 3 0
S O : 0 0 0 1 0 3 0
S O : 0 0 0 1 0 3 0
S O : 0 0 0 0 4 0 9
S O : 0 0 0 0 7 0 4
S O : 0 0 0 0 7 0 4
S O : 0 0 0 1 6 4 4
S O : 0 0 0 1 0 3 0
S O : 0 0 0 1 0 2 3
S O : 0 0 0 0 0 6 1
S O : 0 0 0 0 1 4 7
S O : 0 0 0 0 3 4 6
S O : 0 0 0 0 1 5 5
S O : 0 0 0 5 8 5 3
S O : 0 0 0 1 0 2 3
S O : 0 0 0 1 0 2 3
S O : 0 0 0 1 0 3 0
S O : 0 0 0 1 0 3 0
S O : 0 0 0 0 4 0 9
S O : 0 0 0 1 0 2 3
S O : 0 0 0 0 7 0 4
S O : 0 0 0 1 1 1 4
S O : 0 0 0 1 1 1 4
S O : 0 0 0 0 4 1 7
S O : 0 0 0 0 7 0 4
S O : 0 0 0 0 8 5 7
S O : 0 0 0 1 0 2 3
S O : 0 0 0 1 0 2 3
S O : 0 0 0 1 8 1 7
S O : 0 0 0 0 2 3 6
S O : 0 0 0 1 0 2 3
S O : 0 0 0 1 0 2 3
S O : 0 0 0 1 0 2 3
S O : 0 0 0 0 7 0 4
S O : 0 0 0 1 0 2 3
S O : 0 0 0 1 0 2 3
S O : 0 0 0 0 7 0 4
S O : 0 0 0 0 1 6 7
S O : 0 0 0 0 7 0 4
S O : 0 0 0 0 7 0 4
S O : 0 0 0 0 7 0 4
S O : 0 0 0 0 1 6 7
S O : 0 0 0 0 7 0 4
S O : 0 0 0 0 2 3 6
S O : 0 0 0 1 0 2 3
S O : 0 0 0 1 0 2 3
S O : 0 0 0 0 2 4 3
S O : 0 0 0 0 2 4 3
S O : 0 0 0 1 0 2 3
S O : 0 0 0 0 3 5 7
S O : 0 0 0 0 3 4 6
S O : 0 0 0 1 0 2 3
S O : 0 0 0 0 7 0 4
S O : 0 0 0 0 1 6 7
S O : 0 0 0 1 0 2 3
S O : 0 0 0 1 0 2 3
S O : 0 0 0 1 0 2 3
S O : 0 0 0 1 0 2 3
S O : 0 0 0 1 0 2 3
S O : 0 0 0 0 7 0 4
S O : 0 0 0 0 7 0 4
S O : 0 0 0 1 0 2 3
S O : 0 0 0 1 0 2 3
S O : 0 0 0 0 1 6 7
S O : 0 0 0 1 0 2 3
S O : 0 0 0 1 0 2 3
S O : 0 0 0 1 0 2 3
S O : 0 0 0 1 0 2 3
S O : 0 0 0 1 0 2 3
S O : 0 0 0 1 0 2 3
S O : 0 0 0 1 0 2 3
S O : 0 0 0 1 0 2 3
S O : 0 0 0 1 0 2 3
S O : 0 0 0 1 0 2 3
S O : 0 0 0 1 0 2 3
S O : 0 0 0 1 0 2 3
S O : 0 0 0 0 8 5 7
S O : 0 0 0 0 4 1 7
S O : 0 0 0 0 7 0 4
S O : 0 0 0 0 8 5 5
S O : 0 0 0 0 7 0 4
S O : 0 0 0 0 7 0 4
S O : 0 0 0 0 7 0 4
S O : 0 0 0 0 7 0 4
S O : 0 0 0 0 8 5 5
S O : 0 0 0 0 7 0 4
S O : 0 0 0 1 0 2 3
S O : 0 0 0 1 0 2 3
S O : 0 0 0 1 0 2 3
S O : 0 0 0 0 1 6 7
S O : 0 0 0 1 0 2 3
S O : 0 0 0 1 0 2 3
S O : 0 0 0 0 7 0 4
S O : 0 0 0 0 7 0 4
S O : 0 0 0 0 7 0 4
S O : 0 0 0 0 1 4 7
S O : 0 0 0 0 5 5 1
S O : 0 0 0 1 6 4 4
S O : 0 0 0 0 1 6 7
S O : 0 0 0 0 7 0 4
S O : 0 0 0 0 4 4 0
S O : 0 0 0 0 2 3 6
S O : 0 0 0 0 3 5 7
S O : 0 0 0 0 3 4 6
S O : 0 0 0 5 8 5 3
S O : 0 0 0 0 2 4 3
S O : 0 0 0 0 5 5 1
S O : 0 0 0 0 1 5 5
S O : 0 0 0 0 4 4 0
S O : 0 0 0 1 0 2 3
S O : 0 0 0 1 0 2 3
S O : 0 0 0 0 1 5 5
S O : 0 0 0 1 0 2 3
S O : 0 0 0 0 4 4 0
S O : 0 0 0 1 0 2 3
S O : 0 0 0 1 1 1 4
S O : 0 0 0 1 1 1 4
S O : 0 0 0 0 2 4 3
S O : 0 0 0 0 2 4 3
S O : 0 0 0 1 0 2 3
S O : 0 0 0 0 1 4 7
S O : 0 0 0 1 0 2 6
S O : 0 0 0 0 7 0 4
S O : 0 0 0 0 1 6 7
S O : 0 0 0 1 0 2 3
S O : 0 0 0 0 2 4 3
S O : 0 0 0 0 3 4 6
S O : 0 0 0 0 2 4 3
S O : 0 0 0 1 0 2 6
S O : 0 0 0 1 0 2 3
S O : 0 0 0 1 0 2 3
S O : 0 0 0 1 0 2 3
S O : 0 0 0 1 0 2 3
S O : 0 0 0 1 0 2 3
S O : 0 0 0 1 0 2 3
S O : 0 0 0 1 0 2 3
S O : 0 0 0 1 0 2 3
S O : 0 0 0 0 7 0 4
S O : 0 0 0 0 7 0 4
S O : 0 0 0 0 7 0 4
S O : 0 0 0 1 0 2 6
S O : 0 0 0 1 0 2 4
S O : 0 0 0 0 7 7 1
S O : 0 0 0 0 7 7 1
S O : 0 0 0 0 7 7 1
S O : 0 0 0 0 7 0 4
S O : 0 0 0 0 7 7 1
S O : 0 0 0 0 7 0 4
S O : 0 0 0 0 7 7 1
S O : 0 0 0 0 7 7 1
S O : 0 0 0 0 7 7 1
S O : 0 0 0 0 7 7 1
S O : 0 0 0 1 0 2 4
S O : 0 0 0 0 7 7 1
S O : 0 0 0 0 7 0 4
S O : 0 0 0 0 7 7 1
S O : 0 0 0 0 7 0 4
S O : 0 0 0 0 7 0 4
S O : 0 0 0 0 7 7 1
S O : 0 0 0 0 7 0 4
S O : 0 0 0 0 7 0 4
S O : 0 0 0 0 7 0 4
S O : 0 0 0 0 7 0 4
S O : 0 0 0 0 7 0 4
S O : 0 0 0 1 0 2 6
S O : 0 0 0 0 3 3 1
S O : 0 0 0 0 7 0 4
S O : 0 0 0 0 7 7 1
S O : 0 0 0 0 7 7 1
S O : 0 0 0 0 7 0 4
S O : 0 0 0 0 7 7 1
S O : 0 0 0 1 0 2 6
S O : 0 0 0 1 0 2 6
S O : 0 0 0 0 2 0 7
S O : 0 0 0 1 0 2 6
S O : 0 0 0 0 1 1 2
S O : 0 0 0 0 2 0 7
S O : 0 0 0 0 2 0 7
S O : 0 0 0 0 1 1 2
S O : 0 0 0 1 0 2 6
S O : 0 0 0 0 0 0 6
S O : 0 0 0 1 0 2 6
S O : 0 0 0 0 7 7 1
S O : 0 0 0 0 2 0 7
S O : 0 0 0 0 2 0 7
S O : 0 0 0 1 0 2 6
S O : 0 0 0 0 7 7 1
S O : 0 0 0 0 7 7 1
S O : 0 0 0 0 2 0 7
S O : 0 0 0 1 0 2 4
S O : 0 0 0 1 0 2 4
S O : 0 0 0 0 7 7 1
S O : 0 0 0 0 7 7 1
S O : 0 0 0 1 0 2 4
S O : 0 0 0 1 0 2 4
S O : 0 0 0 0 2 0 7
S O : 0 0 0 1 0 2 4
S O : 0 0 0 0 7 7 1
S O : 0 0 0 0 7 7 1
S O : 0 0 0 1 0 2 4
S O : 0 0 0 0 7 7 1
S O : 0 0 0 0 7 0 4
S O : 0 0 0 1 0 2 6
S O : 0 0 0 0 7 7 1
S O : 0 0 0 1 0 2 6
S O : 0 0 0 0 7 7 1
S O : 0 0 0 0 7 7 1
S O : 0 0 0 1 0 2 6
S O : 0 0 0 0 7 7 1
S O : 0 0 0 0 2 0 7
S O : 0 0 0 0 7 7 1
S O : 0 0 0 0 7 7 1
S O : 0 0 0 0 7 7 1
S O : 0 0 0 0 7 7 1
S O : 0 0 0 0 2 0 7
S O : 0 0 0 0 7 7 1
S O : 0 0 0 0 7 7 1
S O : 0 0 0 0 7 7 1
S O : 0 0 0 0 7 7 1
S O : 0 0 0 1 0 2 4
S O : 0 0 0 1 0 2 4
S O : 0 0 0 1 0 2 4
S O : 0 0 0 0 7 7 1
S O : 0 0 0 0 7 7 1
S O : 0 0 0 0 2 0 7
S O : 0 0 0 0 2 0 7
S O : 0 0 0 1 0 2 4
S O : 0 0 0 1 0 2 4
S O : 0 0 0 0 2 0 7
S O : 0 0 0 0 7 7 1
S O : 0 0 0 1 0 2 4
S O : 0 0 0 1 0 2 4
S O : 0 0 0 1 0 2 4
S O : 0 0 0 0 7 7 1
S O : 0 0 0 0 7 7 1
S O : 0 0 0 1 0 2 4
S O : 0 0 0 1 0 2 4
S O : 0 0 0 0 7 7 1
S O : 0 0 0 0 7 0 4
S O : 0 0 0 0 7 7 1
S O : 0 0 0 0 7 0 4
S O : 0 0 0 0 7 0 4
S O : 0 0 0 0 7 0 4
S O : 1 0 0 1 1 8 7
S O : 0 0 0 0 7 0 4
S O : 0 0 0 0 7 0 4
S O : 0 0 0 0 7 0 4
S O : 0 0 0 0 7 7 1
S O : 0 0 0 0 7 0 4
S O : 0 0 0 0 7 0 4
S O : 0 0 0 0 7 0 4
S O : 0 0 0 0 7 0 4
S O : 0 0 0 0 7 0 4
S O : 0 0 0 0 7 7 1
S O : 0 0 0 0 7 7 1
S O : 0 0 0 0 7 7 1
S O : 0 0 0 0 7 7 1
S O : 0 0 0 0 7 7 1
S O : 0 0 0 0 7 7 1
S O : 0 0 0 0 7 7 1
S O : 0 0 0 0 7 7 1
S O : 0 0 0 0 7 7 1
S O : 0 0 0 0 7 7 1
S O : 0 0 0 0 7 7 1
S O : 0 0 0 1 0 2 4
S O : 0 0 0 1 0 2 3
S O : 0 0 0 0 7 7 1
S O : 0 0 0 1 0 2 4
S O : 0 0 0 0 7 7 1
S O : 0 0 0 0 7 7 1
S O : 0 0 0 0 7 0 4
S O : 0 0 0 0 7 0 4
S O : 0 0 0 0 7 7 1
S O : 0 0 0 0 7 0 4
S O : 0 0 0 0 7 7 1
S O : 0 0 0 0 7 0 4
S O : 0 0 0 0 7 7 1
S O : 0 0 0 0 7 0 4
S O : 0 0 0 0 7 0 4
S O : 0 0 0 0 7 0 4
S O : 0 0 0 0 7 7 1
S O : 0 0 0 0 7 0 4
S O : 0 0 0 0 7 0 4
S O : 0 0 0 0 7 7 1
S O : 0 0 0 0 7 0 4
S O : 0 0 0 0 7 0 4
S O : 0 0 0 0 7 0 4
S O : 0 0 0 0 7 0 4
S O : 0 0 0 5 8 3 6
S O : 0 0 0 0 7 7 1
S O : 0 0 0 0 7 7 1
S O : 0 0 0 1 0 2 4
S O : 0 0 0 0 7 7 1
S O : 0 0 0 0 7 0 4
S O : 0 0 0 0 7 0 4
S O : 0 0 0 0 7 7 1
S O : 0 0 0 0 8 5 5
S O : 0 0 0 0 8 5 7
S O : 0 0 0 0 4 1 7
S O : 0 0 0 0 7 0 4
S O : 0 0 0 0 8 5 5
S O : 0 0 0 0 4 1 7
S O : 0 0 0 0 8 5 5
S O : 0 0 0 0 8 5 5
S O : 0 0 0 0 8 5 7
S O : 0 0 0 0 4 1 7
S O : 0 0 0 0 8 5 5
S O : 0 0 0 0 8 5 3
S O : 0 0 0 0 8 5 5
S O : 0 0 0 0 7 0 4
S O : 0 0 0 0 7 0 4
S O : 0 0 0 0 1 1 2
S O : 0 0 0 0 1 5 3
S O : 0 0 0 0 1 1 2
S O : 0 0 0 0 4 4 0
S O : 0 0 0 0 7 0 4
S O : 0 0 0 0 1 5 3
S O : 0 0 0 0 1 5 5
S O : 0 0 0 0 0 0 6
S O : 0 0 0 0 1 5 5
S O : 0 0 0 1 8 1 7
S O : 0 0 0 0 1 5 5
S O : 0 0 0 0 1 5 5
S O : 0 0 0 0 4 4 0
S O : 0 0 0 0 1 5 5
S O : 0 0 0 0 1 5 5
S O : 0 0 0 0 4 1 7
S O : 0 0 0 0 1 6 7
S O : 0 0 0 0 7 0 4
S O : 0 0 0 0 7 0 4
S O : 0 0 0 0 8 4 7
S O : 0 0 0 0 7 0 4
S O : 0 0 0 0 8 5 3
S O : 0 0 0 0 3 4 5
S O : 0 0 0 0 3 4 5
S O : 0 0 0 0 8 5 7
S O : 0 0 0 0 1 5 3
S O : 0 0 0 1 0 6 0
S O : 0 0 0 0 3 1 7
S O : 0 0 0 0 1 8 8
S O : 0 0 0 0 1 5 3
S O : 0 0 0 1 0 2 6
S O : 0 0 0 0 1 4 7
S O : 0 0 0 0 1 8 8
S O : 0 0 0 0 7 0 4
S O : 0 0 0 0 7 0 4
S O : 0 0 0 0 1 9 5
S O : 0 0 0 1 8 1 7
S O : 0 0 0 0 1 4 7
S O : 0 0 0 0 7 0 4
S O : 0 0 0 0 1 5 3
S O : 0 0 0 0 3 4 5
S O : 0 0 0 0 8 5 7
S O : 0 0 0 0 8 4 7
S O : 0 0 0 0 7 0 4
S O : 0 0 0 0 1 4 7
S O : 0 0 0 0 3 1 7
S O : 0 0 0 0 3 4 3
S O : 0 0 0 0 8 4 7
S O : 0 0 0 1 0 2 6
S O : 0 0 0 0 8 5 7
S O : 0 0 0 1 0 6 0
S O : 0 0 0 0 1 4 7
S O : 0 0 0 0 7 0 4
S O : 0 0 0 0 7 0 4
S O : 0 0 0 0 7 0 4
S O : 0 0 0 0 8 5 7
S O : 0 0 0 0 8 5 5
S O : 0 0 0 0 8 5 7
S O : 0 0 0 0 4 1 7
S O : 0 0 0 0 4 1 7
S O : 0 0 0 0 4 1 7
S O : 0 0 0 0 4 1 7
S O : 0 0 0 0 4 0 9
S O : 0 0 0 0 4 1 7
S O : 0 0 0 1 0 6 0
S O : 0 0 0 0 1 5 5
S O : 0 0 0 1 5 2 8
S O : 0 0 0 1 5 2 8
S O : 0 0 0 1 5 2 8
S O : 0 0 0 0 4 1 7
S O : 0 0 0 1 5 2 8
S O : 0 0 0 1 5 2 8
S O : 0 0 0 1 5 2 8
S O : 0 0 0 1 5 2 8
S O : 0 0 0 1 5 2 8
S O : 0 0 0 1 5 2 8
S O : 0 0 0 1 5 2 8
S O : 0 0 0 0 4 1 7
S O : 0 0 0 1 5 2 8
S O : 0 0 0 1 5 2 8
S O : 0 0 0 1 5 2 8
S O : 0 0 0 1 5 2 8
S O : 0 0 0 1 5 2 8
S O : 0 0 0 1 5 2 8
S O : 0 0 0 1 5 2 8
S O : 0 0 0 1 5 2 8
S O : 0 0 0 1 5 2 8
S O : 0 0 0 1 5 2 8
S O : 0 0 0 1 5 2 8
S O : 0 0 0 1 5 2 8
S O : 0 0 0 1 5 2 8
S O : 0 0 0 0 4 1 7
S O : 0 0 0 0 4 1 7
S O : 0 0 0 0 4 1 7
S O : 0 0 0 0 4 1 7
S O : 0 0 0 0 1 5 5
S O : 0 0 0 0 1 5 5
S O : 0 0 0 0 1 8 8
S O : 0 0 0 0 3 5 7
S O : 0 0 0 0 6 7 3
S O : 0 0 0 0 6 7 3
S O : 0 0 0 0 4 0 9
S O : 0 0 0 0 4 1 7
S O : 0 0 0 0 7 0 4
S O : 0 0 0 0 7 0 4
S O : 0 0 0 0 7 0 4
S O : 0 0 0 0 6 7 3
S O : 0 0 0 0 6 7 3
S O : 0 0 0 0 9 7 6
S O : 0 0 0 1 5 2 8
S O : 0 0 0 0 6 7 3
S O : 0 0 0 0 8 5 7
S O : 0 0 0 0 4 1 7
S O : 0 0 0 0 1 5 5
S O : 0 0 0 0 1 4 7
S O : 0 0 0 0 1 8 8
S O : 0 0 0 0 7 0 4
S O : 0 0 0 1 0 2 6
S O : 0 0 0 0 1 4 7
S O : 0 0 0 0 3 1 9
S O : 0 0 0 0 3 1 9
S O : 0 0 0 1 8 1 7
S O : 0 0 0 0 3 6 0
S O : 0 0 0 0 3 1 1
S O : 0 0 0 0 4 1 7
S O : 0 0 0 0 4 1 7
S O : 0 0 0 0 4 1 7
S O : 0 0 0 0 4 1 7
S O : 0 0 0 0 1 5 5
S O : 0 0 0 0 1 5 5
S O : 0 0 0 1 5 2 8
S O : 0 0 0 0 1 5 5
S O : 0 0 0 1 5 2 8
S O : 0 0 0 1 5 2 8
S O : 0 0 0 0 1 5 5
S O : 0 0 0 0 1 5 5
S O : 0 0 0 0 1 5 5
S O : 0 0 0 0 1 5 5
S O : 0 0 0 0 1 5 5
S O : 0 0 0 0 7 0 4
S O : 0 0 0 0 7 0 4
S O : 0 0 0 0 7 0 4
S O : 0 0 0 0 7 0 4
S O : 0 0 0 1 1 1 4
S O : 0 0 0 1 1 1 4
S O : 0 0 0 0 8 5 3
S O : 0 0 0 0 7 0 4
S O : 0 0 0 0 8 5 3
S O : 0 0 0 0 7 0 4
S O : 0 0 0 0 7 0 4
S O : 0 0 0 0 7 0 4
S O : 0 0 0 1 0 2 3
S O : 0 0 0 0 7 0 4
S O : 0 0 0 1 0 2 3
S O : 0 0 0 0 7 0 4
S O : 0 0 0 0 3 4 6
S O : 0 0 0 0 7 0 4
S O : 0 0 0 1 0 2 3
S O : 0 0 0 0 7 0 4
S O : 0 0 0 1 0 2 3
S O : 0 0 0 0 3 5 7
S O : 0 0 0 0 4 1 7
S O : 0 0 0 0 1 4 7
S O : 0 0 0 0 1 4 7
S O : 0 0 0 0 7 0 4
S O : 0 0 0 0 3 4 6
S O : 0 0 0 0 4 1 7
S O : 0 0 0 0 8 4 2
S O : 0 0 0 1 0 2 3
S O : 0 0 0 0 3 5 9
S O : 0 0 0 0 1 6 7
S O : 0 0 0 0 3 5 9
S O : 0 0 0 0 3 5 9
S O : 0 0 0 1 0 2 3
S O : 0 0 0 1 0 2 3
S O : 0 0 0 0 1 1 2
S O : 0 0 0 0 3 5 9
S O : 0 0 0 0 1 4 7
S O : 0 0 0 0 3 5 9
S O : 0 0 0 1 0 2 3
S O : 0 0 0 1 0 2 3
S O : 0 0 0 1 0 2 3
S O : 0 0 0 0 7 0 4
S O : 0 0 0 0 3 5 9
S O : 0 0 0 1 6 4 4
S O : 0 0 0 0 3 4 6
S O : 0 0 0 0 1 4 7
S O : 0 0 0 0 4 1 7
S O : 0 0 0 0 1 4 7
S O : 0 0 0 0 1 4 7
S O : 0 0 0 5 8 5 3
S O : 0 0 0 0 3 5 7
S O : 0 0 0 0 3 5 0
S O : 0 0 0 0 7 0 4
S O : 0 0 0 0 1 1 2
S O : 0 0 0 0 1 1 2
S O : 0 0 0 0 1 4 7
S O : 0 0 0 0 0 2 8
S O : 0 0 0 1 0 2 3
S O : 0 0 0 0 0 2 8
S O : 0 0 0 1 0 2 3
S O : 0 0 0 0 1 4 7
S O : 0 0 0 0 3 5 9
S O : 0 0 0 0 3 5 9
S O : 0 0 0 1 0 2 3
S O : 0 0 0 1 0 2 3
S O : 0 0 0 0 3 5 9
S O : 0 0 0 0 1 4 7
S O : 0 0 0 0 3 5 9
S O : 0 0 0 1 0 2 3
S O : 0 0 0 0 3 5 9
S O : 0 0 0 1 0 2 3
S O : 0 0 0 0 1 4 7
S O : 0 0 0 0 3 5 9
S O : 0 0 0 0 7 0 4
S O : 0 0 0 0 7 0 4
S O : 0 0 0 1 0 2 3
S O : 0 0 0 1 0 2 3
S O : 0 0 0 0 7 0 4
S O : 0 0 0 1 0 2 3
S O : 0 0 0 0 7 0 4
S O : 0 0 0 0 7 0 4
S O : 0 0 0 0 7 0 4
S O : 0 0 0 0 7 0 4
S O : 0 0 0 0 7 0 4
S O : 0 0 0 0 7 0 4
S O : 0 0 0 1 0 2 3
S O : 0 0 0 0 7 0 4
S O : 0 0 0 0 7 0 4
S O : 0 0 0 1 0 2 3
S O : 0 0 0 1 0 2 3
S O : 0 0 0 0 1 5 3
S O : 0 0 0 1 0 2 6
S O : 0 0 0 0 1 5 3
S O : 0 0 0 1 6 4 4
S O : 0 0 0 0 1 4 7
S O : 0 0 0 0 4 4 0
S O : 0 0 0 0 3 4 6
S O : 0 0 0 0 3 5 0
S O : 0 0 0 0 3 5 0
S O : 0 0 0 5 8 5 3
S O : 0 0 0 0 1 4 7
S O : 0 0 0 0 3 4 6
S O : 0 0 0 0 3 5 0
S O : 0 0 0 0 3 5 0
S O : 0 0 0 5 8 5 3
S O : 0 0 0 0 1 4 7
S O : 0 0 0 0 4 4 0
S O : 0 0 0 0 3 4 6
S O : 0 0 0 0 4 4 0
S O : 0 0 0 0 7 0 4
S O : 0 0 0 0 3 4 6
S O : 0 0 0 0 3 5 0
S O : 0 0 0 0 3 5 0
S O : 0 0 0 0 4 4 0
S O : 0 0 0 1 6 4 4
S O : 0 0 0 0 3 5 9
S O : 0 0 0 0 1 1 2
S O : 0 0 0 0 3 4 6
S O : 0 0 0 0 3 4 6
S O : 0 0 0 0 1 1 2
S O : 0 0 0 0 3 5 7
S O : 0 0 0 0 3 4 6
S O : 0 0 0 1 0 2 3
S O : 0 0 0 0 1 1 2
S O : 0 0 0 5 8 5 3
S O : 0 0 0 5 8 5 3
S O : 0 0 0 0 3 6 1
S O : 0 0 0 5 8 5 3
S O : 0 0 0 0 3 5 9
S O : 0 0 0 0 3 5 9
S O : 0 0 0 1 0 2 3
S O : 0 0 0 1 0 2 3
S O : 0 0 0 1 0 2 3
S O : 0 0 0 0 3 5 9
S O : 0 0 0 1 0 2 3
S O : 0 0 0 1 0 2 3
S O : 0 0 0 1 0 2 3
S O : 0 0 0 1 0 2 3
S O : 0 0 0 0 3 5 9
S O : 0 0 0 0 3 5 9
S O : 0 0 0 0 3 5 9
S O : 0 0 0 0 3 5 9
S O : 0 0 0 0 1 1 2
S O : 0 0 0 1 0 3 0
S O : 0 0 0 1 0 3 1
S O : 0 0 0 0 1 1 2
S O : 0 0 0 0 3 5 7
S O : 0 0 0 0 3 4 6
S O : 0 0 0 0 1 1 2
S O : 0 0 0 0 3 4 6
S O : 0 0 0 0 1 3 2
S O : 0 0 0 1 0 2 3
S O : 0 0 0 0 1 1 2
S O : 0 0 0 1 0 3 0
S O : 0 0 0 1 0 3 1
S O : 0 0 0 0 1 1 2
S O : 0 0 0 1 0 3 0
S O : 0 0 0 1 0 3 1
S O : 0 0 0 0 1 3 2
S O : 0 0 0 1 0 2 3
S O : 0 0 0 0 3 5 9
S O : 0 0 0 1 0 2 3
S O : 0 0 0 1 8 1 7
S O : 0 0 0 0 4 1 7
S O : 0 0 0 0 3 5 9
S O : 0 0 0 0 3 5 9
S O : 0 0 0 1 0 2 3
S O : 0 0 0 0 0 2 8
S O : 0 0 0 0 1 4 7
S O : 0 0 0 0 1 1 2
S O : 0 0 0 0 4 4 0
S O : 0 0 0 0 1 1 2
S O : 0 0 0 0 1 1 2
S O : 0 0 0 0 3 5 7
S O : 0 0 0 0 1 4 7
S O : 0 0 0 1 0 6 0
S O : 0 0 0 1 0 6 0
S O : 0 0 0 0 7 0 4
S O : 0 0 0 0 1 4 7
S O : 0 0 0 1 0 6 0
S O : 0 0 0 0 9 3 2
S O : 0 0 0 0 1 6 7
S O : 0 0 0 0 7 0 4
S O : 0 0 0 1 0 2 6
S O : 0 0 0 0 7 0 4
S O : 0 0 0 1 0 6 0
S O : 0 0 0 0 7 0 4
S O : 0 0 0 0 1 6 7
S O : 0 0 0 0 4 1 7
S O : 0 0 0 1 0 2 3
S O : 0 0 0 0 4 1 7
S O : 0 0 0 0 4 1 7
S O : 0 0 0 0 4 1 7
S O : 0 0 0 0 1 4 7
S O : 0 0 0 0 7 0 4
S O : 0 0 0 0 4 1 7
S O : 0 0 0 1 0 6 0
S O : 0 0 0 1 0 6 0
S O : 0 0 0 1 0 2 6
S O : 0 0 0 0 1 5 3
S O : 0 0 0 0 1 4 9
S O : 0 0 0 1 0 2 6
S O : 0 0 0 0 1 4 7
S O : 0 0 0 1 0 2 6
S O : 0 0 0 1 0 2 6
S O : 0 0 0 0 8 5 7
S O : 0 0 0 0 1 4 7
S O : 0 0 0 0 0 4 0
S O : 0 0 0 0 1 4 9
S O : 0 0 0 0 1 5 3
S O : 0 0 0 0 1 5 3
S O : 0 0 0 1 4 2 1
S O : 0 0 0 0 1 4 7
S O : 0 0 0 0 7 0 4
S O : 0 0 0 0 1 5 3
S O : 0 0 0 0 1 4 9
S O : 0 0 0 1 0 2 6
S O : 0 0 0 0 1 1 2
S O : 0 0 0 1 0 3 0
S O : 0 0 0 1 0 3 1
S O : 0 0 0 1 0 2 6
S O : 0 0 0 0 1 4 7
S O : 0 0 0 0 7 3 0
S O : 0 0 0 1 0 2 6
S O : 0 0 0 0 1 4 7
S O : 0 0 0 0 1 1 2
S O : 0 0 0 1 0 3 0
S O : 0 0 0 1 0 3 1
S O : 0 0 0 1 0 3 0
S O : 0 0 0 1 0 3 1
S O : 0 0 0 0 1 1 2
S O : 0 0 0 1 0 3 0
S O : 0 0 0 1 0 3 0
S O : 0 0 0 1 0 3 1
S O : 0 0 0 1 0 3 1
S O : 0 0 0 1 0 3 0
S O : 0 0 0 1 0 3 1
S O : 0 0 0 0 0 0 6
S O : 0 0 0 0 1 4 7
S O : 0 0 0 0 1 4 7
S O : 0 0 0 0 7 0 4
S O : 0 0 0 0 1 1 2
S O : 0 0 0 0 0 0 6
S O : 0 0 0 0 1 1 2
S O : 0 0 0 1 6 4 4
S O : 0 0 0 0 4 4 0
S O : 0 0 0 0 1 4 7
S O : 0 0 0 5 8 5 3
S O : 0 0 0 0 1 5 3
S O : 0 0 0 0 1 1 2
S O : 0 0 0 1 0 3 0
S O : 0 0 0 1 0 3 1
S O : 0 0 0 1 0 3 0
S O : 0 0 0 1 0 3 1
S O : 0 0 0 0 1 4 7
S O : 0 0 0 0 1 8 8
S O : 0 0 0 0 1 8 8
S O : 0 0 0 5 8 5 3
S O : 0 0 0 0 1 1 1
S O : 0 0 0 1 6 4 4
S O : 0 0 0 1 0 2 6
S O : 0 0 0 0 1 1 2
S O : 0 0 0 1 0 6 0
S O : 0 0 0 1 0 6 0
S O : 0 0 0 1 0 2 6
S O : 0 0 0 0 1 4 7
S O : 0 0 0 0 1 4 7
S O : 0 0 0 0 1 4 7
S O : 0 0 0 0 1 4 7
S O : 0 0 0 0 1 4 7
S O : 0 0 0 0 6 7 3
S O : 0 0 0 1 0 6 0
S O : 0 0 0 0 1 4 7
S O : 0 0 0 0 1 4 7
S O : 0 0 0 0 1 4 7
S O : 0 0 0 0 1 4 7
S O : 0 0 0 0 1 2 1
S O : 0 0 0 0 1 4 7
S O : 0 0 0 0 1 4 7
S O : 0 0 0 0 0 7 7
S O : 0 0 0 0 1 1 2
S O : 0 0 0 0 1 6 7
S O : 0 0 0 0 1 4 7
S O : 0 0 0 0 1 4 7
S O : 0 0 0 0 1 4 7
S O : 0 0 0 0 1 4 7
S O : 0 0 0 0 7 1 7
S O : 0 0 0 0 1 4 7
S O : 0 0 0 0 1 4 7
S O : 0 0 0 0 0 2 0
S O : 0 0 0 0 1 4 7
S O : 0 0 0 0 1 6 7
S O : 0 0 0 0 1 4 7
S O : 0 0 0 1 0 6 0
S O : 0 0 0 0 3 1 8
S O : 0 0 0 1 0 6 0
S O : 0 0 0 0 4 1 7
S O : 0 0 0 0 1 4 7
S O : 0 0 0 0 1 6 7
S O : 0 0 0 1 0 6 0
S O : 0 0 0 0 4 1 7
S O : 0 0 0 0 1 6 7
S O : 0 0 0 1 0 2 6
S O : 0 0 0 0 1 4 7
S O : 0 0 0 0 0 2 8
S O : 0 0 0 0 8 5 7
S O : 0 0 0 0 1 4 7
S O : 0 0 0 0 7 3 0
S O : 0 0 0 1 0 2 6
S O : 0 0 0 0 7 3 0
S O : 0 0 0 1 0 2 6
S O : 0 0 0 0 0 2 8
S O : 0 0 0 0 1 4 7
S O : 0 0 0 0 1 6 7
S O : 0 0 0 0 1 4 7
S O : 0 0 0 1 0 6 0
S O : 0 0 0 0 1 4 7
S O : 0 0 0 0 4 1 7
S O : 0 0 0 0 1 4 7
S O : 0 0 0 0 1 8 8
S O : 0 0 0 0 1 8 8
S O : 0 0 0 0 1 4 7
S O : 0 0 0 1 0 2 3
S O : 0 0 0 0 1 4 7
S O : 0 0 0 0 1 4 7
S O : 0 0 0 0 1 4 7
S O : 0 0 0 0 1 4 7
S O : 0 0 0 0 1 4 7
S O : 0 0 0 0 1 4 7
S O : 0 0 0 0 1 1 2
S O : 0 0 0 0 1 4 7
S O : 0 0 0 0 0 2 8
S O : 0 0 0 0 0 2 8
S O : 0 0 0 1 0 2 3
S O : 0 0 0 0 0 2 8
S O : 0 0 0 0 1 4 7
S O : 0 0 0 0 1 4 7
S O : 0 0 0 0 1 4 7
S O : 0 0 0 5 8 5 3
S O : 0 0 0 0 1 4 7
S O : 0 0 0 0 3 1 8
S O : 0 0 0 0 6 7 3
S O : 0 0 0 0 7 1 7
S O : 0 0 0 0 7 0 4
S O : 0 0 0 0 3 1 8
S O : 0 0 0 1 0 2 3
S O : 0 0 0 1 0 6 0
S O : 0 0 0 1 0 6 0
S O : 0 0 0 1 0 6 0
S O : 0 0 0 1 0 2 6
S O : 0 0 0 1 0 2 3
S O : 0 0 0 1 0 6 0
S O : 0 0 0 1 0 6 0
S O : 0 0 0 0 7 0 4
S O : 0 0 0 0 7 0 4
S O : 0 0 0 0 7 0 4
S O : 0 0 0 0 1 6 7
S O : 0 0 0 0 1 4 7
S O : 0 0 0 0 4 1 7
S O : 0 0 0 1 0 6 0
S O : 0 0 0 0 7 0 4
S O : 0 0 0 0 7 0 4
S O : 0 0 0 1 0 2 6
S O : 0 0 0 0 7 0 4
S O : 0 0 0 0 4 1 7
S O : 0 0 0 0 4 1 7
S O : 0 0 0 0 4 1 7
S O : 0 0 0 0 7 0 4
S O : 0 0 0 1 0 6 0
S O : 0 0 0 1 0 6 0
S O : 0 0 0 0 7 0 4
S O : 0 0 0 0 3 1 1
S O : 0 0 0 1 0 2 3
S O : 0 0 0 0 7 0 4
S O : 0 0 0 0 0 5 1
S O : 0 0 0 0 4 1 7
S O : 0 0 0 1 0 6 0
S O : 0 0 0 0 4 1 7
S O : 0 0 0 0 4 1 7
S O : 0 0 0 0 1 4 7
S O : 0 0 0 0 1 9 8
S O : 0 0 0 0 1 9 5
S O : 0 0 0 0 1 4 7
S O : 0 0 0 0 1 4 7
S O : 0 0 0 0 1 2 1
S O : 0 0 0 0 1 2 1
S O : 0 0 0 0 1 3 2
S O : 0 0 0 0 1 1 6
S O : 0 0 0 0 1 4 7
S O : 0 0 0 0 1 8 8
S O : 0 0 0 0 1 1 2
S O : 0 0 0 1 0 3 0
S O : 0 0 0 1 0 3 1
S O : 0 0 0 0 0 2 8
S O : 0 0 0 0 1 1 2
S O : 0 0 0 1 0 3 0
S O : 0 0 0 1 0 3 1
S O : 0 0 0 0 0 2 8
S O : 0 0 0 0 1 1 2
S O : 0 0 0 0 0 2 8
S O : 0 0 0 0 6 7 3
S O : 0 0 0 0 1 6 7
S O : 0 0 0 1 4 3 4
S O : 0 0 0 0 1 6 7
S O : 0 0 0 1 4 3 4
S O : 1 0 0 1 1 8 7
S O : 0 0 0 0 1 4 7
S O : 0 0 0 0 1 4 7
S O : 0 0 0 0 1 4 7
S O : 0 0 0 0 3 3 3
S O : 0 0 0 0 1 4 7
S O : 0 0 0 1 0 6 0
S O : 0 0 0 0 4 1 7
S O : 0 0 0 1 0 6 0
S O : 0 0 0 0 4 1 7
S O : 0 0 0 0 1 4 7
S O : 0 0 0 0 1 4 7
S O : 0 0 0 5 8 5 3
S O : 0 0 0 0 1 4 7
S O : 0 0 0 0 3 1 8
S O : 0 0 0 0 4 1 7
S O : 0 0 0 0 4 1 7
S O : 0 0 0 0 4 1 7
S O : 0 0 0 1 0 2 6
S O : 0 0 0 0 1 8 8
S O : 0 0 0 1 0 1 4
S O : 0 0 0 1 0 3 0
S O : 0 0 0 1 0 1 4
S O : 0 0 0 1 0 3 1
S O : 0 0 0 1 0 1 4
S O : 0 0 0 1 0 3 0
S O : 0 0 0 1 0 3 1
S O : 0 0 0 1 0 2 3
S O : 0 0 0 0 1 1 2
S O : 0 0 0 0 1 4 7
S O : 0 0 0 0 0 0 6
S O : 0 0 0 0 0 4 3
S O : 0 0 0 0 1 4 7
S O : 0 0 0 0 1 4 7
S O : 0 0 0 0 1 4 7
S O : 0 0 0 5 8 5 3
S O : 0 0 0 0 0 0 3
S O : 0 0 0 0 3 1 8
S O : 0 0 0 1 0 2 3
S O : 0 0 0 1 0 2 3
S O : 0 0 0 0 3 4 6
S O : 0 0 0 0 3 4 6
S O : 0 0 0 0 1 8 8
S O : 0 0 0 0 3 5 7
S O : 0 0 0 0 1 4 7
S O : 0 0 0 0 7 0 4
S O : 0 0 0 1 0 2 3
S O : 0 0 0 0 3 4 6
S O : 0 0 0 1 0 2 3
S O : 0 0 0 0 3 5 9
S O : 0 0 0 0 7 0 4
S O : 0 0 0 0 4 1 7
S O : 0 0 0 1 0 2 3
S O : 0 0 0 0 3 5 7
S O : 0 0 0 0 1 4 7
S O : 0 0 0 0 3 4 6
S O : 0 0 0 0 1 4 7
S O : 0 0 0 0 3 4 6
S O : 0 0 0 1 6 4 4
S O : 0 0 0 0 0 3 8
S O : 0 0 0 0 1 4 7
S O : 0 0 0 5 8 5 3
S O : 0 0 0 0 0 3 8
S O : 0 0 0 0 7 0 4
S O : 0 0 0 0 1 4 7
S O : 0 0 0 0 3 5 0
S O : 0 0 0 0 3 5 7
S O : 0 0 0 0 7 0 4
S O : 0 0 0 0 0 6 1
S O : 0 0 0 1 6 4 4
S O : 0 0 0 1 0 2 3
S O : 0 0 0 1 6 4 4
S O : 0 0 0 0 3 4 6
S O : 0 0 0 1 0 2 6
S O : 0 0 0 1 6 4 4
S O : 0 0 0 0 3 4 6
S O : 0 0 0 5 8 5 3
S O : 0 0 0 0 3 4 6
S O : 0 0 0 1 0 2 3
S O : 0 0 0 0 3 4 6
S O : 0 0 0 1 0 2 3
S O : 0 0 0 1 0 2 3
S O : 0 0 0 5 8 5 3
S O : 0 0 0 0 3 4 6
S O : 0 0 0 5 8 5 3
S O : 0 0 0 0 3 5 0
S O : 0 0 0 0 3 4 6
S O : 0 0 0 0 7 0 4
S O : 0 0 0 0 1 6 7
S O : 0 0 0 5 8 5 3
S O : 0 0 0 0 3 4 6
S O : 0 0 0 0 3 4 6
S O : 0 0 0 0 3 4 6
S O : 0 0 0 1 0 2 3
S O : 0 0 0 1 0 2 6
S O : 0 0 0 1 6 4 4
S O : 0 0 0 0 1 4 7
S O : 0 0 0 0 1 1 2
S O : 0 0 0 0 3 4 6
S O : 0 0 0 0 3 5 0
S O : 0 0 0 5 8 5 3
S O : 0 0 0 0 4 1 2
S O : 0 0 0 1 0 2 6
S O : 0 0 0 0 3 4 6
S O : 0 0 0 1 0 2 3
S O : 0 0 0 1 0 2 3
S O : 0 0 0 0 1 4 7
S O : 0 0 0 5 8 5 3
S O : 0 0 0 0 1 4 7
S O : 0 0 0 0 3 5 7
S O : 0 0 0 0 3 4 6
S O : 0 0 0 0 3 4 6
S O : 0 0 0 0 3 4 6
S O : 0 0 0 0 4 1 2
S O : 0 0 0 1 0 2 6
S O : 0 0 0 0 1 1 2
S O : 0 0 0 0 0 2 8
S O : 0 0 0 0 3 4 6
S O : 0 0 0 0 0 2 8
S O : 0 0 0 0 0 2 8
S O : 0 0 0 1 0 2 3
S O : 0 0 0 0 0 2 8
S O : 0 0 0 1 0 3 0
S O : 0 0 0 1 0 3 1
S O : 0 0 0 0 0 2 8
S O : 0 0 0 0 0 2 8
S O : 0 0 0 0 9 0 2
S O : 0 0 0 0 7 0 4
S O : 0 0 0 0 3 4 6
S O : 0 0 0 0 3 4 6
S O : 0 0 0 0 3 4 6
S O : 0 0 0 0 1 6 7
S O : 0 0 0 0 3 4 6
S O : 0 0 0 0 3 4 6
S O : 0 0 0 0 3 4 6
S O : 0 0 0 0 3 4 6
S O : 0 0 0 0 3 4 6
S O : 0 0 0 0 3 4 6
S O : 0 0 0 0 3 4 6
S O : 0 0 0 0 3 4 6
S O : 0 0 0 0 3 4 6
S O : 0 0 0 0 3 4 6
S O : 0 0 0 0 3 4 6
S O : 0 0 0 0 3 4 6
S O : 0 0 0 0 3 4 6
S O : 0 0 0 0 1 1 2
S O : 0 0 0 0 3 4 6
S O : 0 0 0 0 3 4 6
S O : 0 0 0 0 3 4 6
S O : 0 0 0 0 3 4 6
S O : 0 0 0 0 3 4 6
S O : 0 0 0 0 3 4 6
S O : 0 0 0 0 3 4 6
S O : 0 0 0 0 3 4 6
S O : 0 0 0 0 3 4 6
S O : 0 0 0 0 3 4 6
S O : 0 0 0 0 3 4 6
S O : 0 0 0 0 7 0 4
S O : 0 0 0 0 3 4 6
S O : 0 0 0 0 3 4 6
S O : 0 0 0 0 3 4 6
S O : 0 0 0 0 3 4 6
S O : 0 0 0 0 1 6 7
S O : 0 0 0 0 3 4 6
S O : 0 0 0 0 3 4 6
S O : 0 0 0 0 3 4 6
S O : 0 0 0 0 3 4 6
S O : 0 0 0 0 3 4 6
S O : 0 0 0 0 3 4 6
S O : 0 0 0 0 3 4 6
S O : 0 0 0 1 0 2 3
S O : 0 0 0 0 3 4 6
S O : 0 0 0 0 3 4 6
S O : 0 0 0 0 3 4 6
S O : 0 0 0 1 0 2 3
S O : 0 0 0 1 0 2 3
S O : 0 0 0 1 0 2 6
S O : 0 0 0 0 3 4 6
S O : 0 0 0 0 3 4 6
S O : 0 0 0 0 9 0 2
S O : 0 0 0 0 3 4 6
S O : 0 0 0 0 3 4 6
S O : 0 0 0 0 3 4 6
S O : 0 0 0 0 3 4 6
S O : 0 0 0 0 1 5 5
S O : 0 0 0 0 1 5 3
S O : 0 0 0 0 1 5 3
S O : 0 0 0 1 0 2 6
S O : 0 0 0 0 1 5 5
S O : 0 0 0 1 0 2 6
S O : 0 0 0 0 1 4 7
S O : 0 0 0 0 4 4 0
S O : 0 0 0 5 8 5 3
S O : 0 0 0 0 1 5 5
S O : 0 0 0 5 8 5 3
S O : 0 0 0 0 3 4 6
S O : 0 0 0 0 3 4 6
S O : 0 0 0 0 1 5 5
S O : 0 0 0 0 1 1 2
S O : 0 0 0 0 0 2 8
S O : 0 0 0 0 1 8 8
S O : 0 0 0 0 1 8 8
S O : 0 0 0 5 8 5 3
S O : 0 0 0 0 3 4 6
S O : 0 0 0 0 3 4 6
S O : 0 0 0 5 8 5 3
S O : 0 0 0 0 1 1 2
S O : 0 0 0 0 0 2 8
S O : 0 0 0 0 0 2 8
S O : 0 0 0 0 1 8 8
S O : 0 0 0 5 8 5 3
S O : 0 0 0 0 1 8 8
S O : 0 0 0 1 6 4 4
S O : 0 0 0 0 9 8 7
S O : 0 0 0 1 6 4 4
S O : 0 0 0 1 0 2 3
S O : 0 0 0 0 3 4 6
S O : 0 0 0 0 3 4 6
S O : 0 0 0 0 3 4 6
S O : 0 0 0 5 8 5 3
S O : 0 0 0 0 9 0 2
S O : 0 0 0 0 3 4 6
S O : 0 0 0 0 3 4 6
S O : 0 0 0 0 3 4 6
S O : 0 0 0 0 3 4 6
S O : 0 0 0 0 9 0 2
S O : 0 0 0 0 1 1 2
S O : 0 0 0 1 0 3 0
S O : 0 0 0 1 0 3 1
S O : 0 0 0 0 1 1 2
S O : 0 0 0 1 0 3 0
S O : 0 0 0 1 0 3 1
S O : 0 0 0 1 6 4 4
S O : 0 0 0 0 1 5 5
S O : 0 0 0 0 1 5 5
S O : 0 0 0 0 7 0 4
S O : 0 0 0 0 7 0 4
S O : 0 0 0 0 7 0 4
S O : 0 0 0 0 7 0 4
S O : 0 0 0 0 7 0 4
S O : 0 0 0 0 1 4 7
S O : 0 0 0 0 1 8 8
S O : 0 0 0 0 8 4 2
S O : 0 0 0 0 7 0 4
S O : 0 0 0 1 6 4 4
S O : 0 0 0 0 1 4 7
S O : 0 0 0 0 3 5 7
S O : 0 0 0 1 0 2 3
S O : 0 0 0 0 7 0 4
S O : 0 0 0 0 4 1 7
S O : 0 0 0 0 4 0 9
S O : 0 0 0 0 7 0 4
S O : 0 0 0 0 7 0 4
S O : 0 0 0 0 1 4 7
S O : 0 0 0 1 0 2 3
S O : 0 0 0 0 8 5 2
S O : 0 0 0 0 0 2 0
S O : 0 0 0 0 1 6 7
S O : 0 0 0 0 3 4 6
S O : 0 0 0 0 3 5 9
S O : 0 0 0 5 8 5 3
S O : 0 0 0 0 1 4 7
S O : 0 0 0 0 0 2 8
S O : 0 0 0 0 0 2 8
S O : 0 0 0 0 3 1 5
S O : 0 0 0 0 1 4 7
S O : 0 0 0 0 3 3 3
S O : 0 0 0 0 1 4 7
S O : 0 0 0 1 0 2 3
S O : 0 0 0 1 0 2 3
S O : 0 0 0 1 0 2 6
S O : 0 0 0 1 0 2 3
S O : 0 0 0 1 0 2 3
S O : 0 0 0 1 0 2 6
S O : 0 0 0 1 0 2 3
S O : 0 0 0 0 1 4 7
S O : 0 0 0 0 7 0 4
S O : 0 0 0 0 7 0 4
S O : 0 0 0 0 1 4 7
S O : 0 0 0 0 1 1 2
S O : 0 0 0 0 8 3 3
S O : 0 0 0 0 1 1 2
S O : 0 0 0 0 6 7 3
S O : 0 0 0 0 6 7 3
S O : 0 0 0 0 1 1 2
S O : 0 0 0 0 8 3 3
S O : 1 0 0 1 1 8 7
S O : 0 0 0 0 1 1 2
S O : 0 0 0 0 8 3 3
S O : 1 0 0 1 1 8 7
S O : 0 0 0 5 8 5 3
S O : 0 0 0 0 7 0 4
S O : 0 0 0 0 7 0 4
S O : 0 0 0 0 7 0 4
S O : 0 0 0 0 7 0 4
S O : 0 0 0 0 7 0 4
S O : 0 0 0 0 7 0 4
S O : 0 0 0 0 1 4 7
S O : 0 0 0 0 6 7 3
S O : 0 0 0 0 3 1 5
S O : 0 0 0 0 3 2 3
S O : 0 0 0 0 4 1 7
S O : 0 0 0 0 4 1 7
S O : 0 0 0 0 4 1 7
S O : 0 0 0 0 7 0 4
S O : 0 0 0 1 6 4 4
S O : 0 0 0 0 1 1 2
S O : 0 0 0 0 0 2 8
S O : 0 0 0 1 0 2 6
S O : 0 0 0 1 0 2 6
S O : 0 0 0 0 1 5 3
S O : 0 0 0 0 1 5 3
S O : 0 0 0 0 1 8 8
S O : 0 0 0 0 1 4 7
S O : 0 0 0 0 8 4 2
S O : 0 0 0 0 1 4 7
S O : 0 0 0 0 1 5 3
S O : 0 0 0 1 0 2 6
S O : 0 0 0 0 1 4 9
S O : 0 0 0 1 6 4 4
S O : 0 0 0 0 1 4 7
S O : 0 0 0 0 7 0 4
S O : 0 0 0 0 1 4 7
S O : 0 0 0 0 3 4 6
S O : 0 0 0 0 3 5 9
S O : 0 0 0 5 8 5 3
S O : 0 0 0 5 8 5 3
S O : 0 0 0 1 6 4 4
S O : 0 0 0 1 0 2 3
S O : 0 0 0 0 7 0 4
S O : 0 0 0 0 1 1 2
S O : 0 0 0 1 0 2 3
S O : 0 0 0 1 0 2 6
S O : 0 0 0 0 1 1 2
S O : 0 0 0 0 0 7 7
S O : 0 0 0 0 1 1 2
S O : 0 0 0 0 0 2 8
S O : 0 0 0 1 0 2 3
S O : 0 0 0 0 1 1 2
S O : 0 0 0 0 0 7 7
S O : 0 0 0 0 1 1 2
S O : 0 0 0 0 0 2 8
S O : 0 0 0 0 4 1 7
S O : 1 0 0 1 1 8 7
S O : 0 0 0 0 1 1 2
S O : 1 0 0 1 1 8 7
S O : 0 0 0 0 1 1 2
S O : 0 0 0 0 1 2 1
S O : 0 0 0 0 1 4 7
S O : 0 0 0 0 1 3 2
S O : 0 0 0 0 1 4 7
S O : 0 0 0 0 0 2 8
S O : 0 0 0 0 1 1 2
S O : 0 0 0 0 1 2 1
S O : 0 0 0 0 1 4 7
S O : 0 0 0 0 1 3 2
S O : 0 0 0 0 1 4 7
S O : 0 0 0 0 0 2 8
S O : 1 0 0 1 1 8 7
S O : 0 0 0 0 1 2 1
S O : 0 0 0 0 1 3 2
S O : 0 0 0 0 0 2 8
S O : 1 0 0 1 1 8 7
S O : 0 0 0 0 1 2 1
S O : 0 0 0 0 1 3 2
S O : 0 0 0 0 0 2 8
S O : 1 0 0 1 1 8 7
S O : 0 0 0 0 1 2 1
S O : 0 0 0 0 1 3 2
S O : 0 0 0 0 0 2 8
S O : 0 0 0 1 6 4 4
S O : 0 0 0 0 1 5 3
S O : 0 0 0 1 6 4 4
S O : 0 0 0 1 6 4 4
S O : 0 0 0 0 4 4 0
S O : 0 0 0 0 3 1 5
S O : 0 0 0 0 2 0 4
S O : 0 0 0 0 1 4 7
S O : 0 0 0 0 7 0 4
S O : 0 0 0 0 7 0 4
S O : 0 0 0 0 7 0 4
S O : 0 0 0 0 1 0 1
S O : 0 0 0 0 1 0 1
S O : 0 0 0 0 1 0 1
S O : 0 0 0 0 1 0 1
S O : 0 0 0 0 4 4 0
S O : 0 0 0 0 7 0 4
S O : 0 0 0 0 1 0 1
S O : 0 0 0 0 7 0 4
S O : 0 0 0 0 7 0 4
S O : 0 0 0 0 1 0 1
S O : 0 0 0 0 7 0 4
S O : 0 0 0 0 7 0 4
S O : 0 0 0 0 1 6 7
S O : 0 0 0 0 7 0 4
S O : 0 0 0 0 7 0 4
S O : 0 0 0 0 4 4 0
S O : 0 0 0 0 9 0 2
S O : 0 0 0 0 7 0 4
S O : 0 0 0 0 4 4 0
S O : 0 0 0 0 7 0 4
S O : 0 0 0 0 4 4 0
S O : 0 0 0 0 7 0 4
S O : 0 0 0 0 7 0 4
S O : 0 0 0 0 7 0 4
S O : 0 0 0 0 7 0 4
S O : 0 0 0 0 4 4 0
S O : 0 0 0 0 7 0 4
S O : 0 0 0 0 7 0 4
S O : 0 0 0 0 7 0 4
S O : 0 0 0 0 7 0 4
S O : 0 0 0 0 1 0 1
S O : 0 0 0 0 1 0 1
S O : 0 0 0 0 1 0 1
S O : 0 0 0 0 7 0 4
S O : 0 0 0 0 7 0 4
S O : 0 0 0 0 7 0 4
S O : 0 0 0 0 7 0 4
S O : 0 0 0 0 7 0 4
S O : 0 0 0 0 7 0 4
S O : 0 0 0 0 7 0 4
S O : 0 0 0 0 7 0 4
S O : 0 0 0 0 1 0 1
S O : 0 0 0 0 1 0 1
S O : 0 0 0 0 7 0 4
S O : 0 0 0 0 7 0 4
S O : 0 0 0 0 1 0 1
S O : 0 0 0 0 7 0 4
S O : 0 0 0 0 5 5 1
S O : 0 0 0 0 1 0 1
S O : 0 0 0 0 4 4 0
S O : 0 0 0 0 4 4 0
S O : 0 0 0 0 7 0 4
S O : 0 0 0 0 9 0 2
S O : 0 0 0 0 1 6 7
S O : 0 0 0 0 1 6 7
S O : 0 0 0 0 7 0 4
S O : 0 0 0 0 1 0 1
S O : 0 0 0 0 4 4 0
S O : 0 0 0 0 7 0 4
S O : 0 0 0 0 7 0 4
S O : 0 0 0 0 7 0 4
S O : 0 0 0 0 9 0 2
S O : 0 0 0 0 1 0 1
S O : 0 0 0 0 1 0 1
S O : 0 0 0 0 7 0 4
S O : 0 0 0 0 1 0 1
S O : 0 0 0 0 7 0 4
S O : 0 0 0 0 4 4 0
S O : 0 0 0 0 7 0 4
S O : 0 0 0 0 4 4 0
S O : 0 0 0 0 9 0 2
S O : 0 0 0 0 7 0 4
S O : 0 0 0 0 2 4 3
S O : 0 0 0 0 2 4 3
S O : 0 0 0 0 5 5 1
S O : 0 0 0 0 3 1 9
S O : 0 0 0 0 7 1 7
S O : 0 0 0 0 2 4 3
S O : 0 0 0 0 1 0 1
S O : 0 0 0 0 4 4 0
S O : 0 0 0 0 7 0 4
S O : 0 0 0 0 1 0 1
S O : 0 0 0 0 7 0 4
S O : 0 0 0 0 7 0 4
S O : 0 0 0 0 7 0 4
S O : 0 0 0 0 2 3 6
S O : 0 0 0 0 1 4 7
S O : 0 0 0 0 7 0 4
S O : 0 0 0 0 7 0 4
S O : 0 0 0 0 7 0 4
S O : 0 0 0 0 1 0 1
S O : 0 0 0 0 1 8 8
S O : 0 0 0 0 7 0 4
S O : 0 0 0 0 1 4 7
S O : 0 0 0 1 0 3 4
S O : 0 0 0 0 3 7 9
S O : 0 0 0 0 7 0 4
S O : 0 0 0 0 3 1 9
S O : 0 0 0 0 2 4 3
S O : 0 0 0 0 2 4 3
S O : 0 0 0 0 5 8 1
S O : 0 0 0 0 2 3 6
S O : 0 0 0 0 4 4 0
S O : 0 0 0 0 7 0 4
S O : 0 0 0 0 7 0 4
S O : 0 0 0 0 7 0 4
S O : 0 0 0 0 7 0 4
S O : 0 0 0 5 8 5 3
S O : 0 0 0 0 1 0 1
S O : 0 0 0 0 4 4 0
S O : 0 0 0 0 9 0 2
S O : 0 0 0 0 1 0 1
S O : 0 0 0 1 4 3 4
S O : 0 0 0 0 7 0 4
S O : 0 0 0 1 0 2 6
S O : 0 0 0 5 8 5 3
S O : 0 0 0 0 1 0 1
S O : 0 0 0 0 4 4 0
S O : 0 0 0 0 7 0 4
S O : 0 0 0 5 8 5 3
S O : 0 0 0 0 1 0 1
S O : 0 0 0 0 7 0 4
S O : 0 0 0 0 1 0 1
S O : 0 0 0 5 8 5 3
S O : 0 0 0 0 2 4 3
S O : 0 0 0 5 8 5 3
S O : 0 0 0 0 7 0 4
S O : 0 0 0 0 1 4 7
S O : 0 0 0 0 7 0 4
S O : 0 0 0 0 1 1 2
S O : 0 0 0 0 7 0 4
S O : 0 0 0 0 7 0 4
S O : 0 0 0 0 1 4 7
S O : 0 0 0 0 7 0 4
S O : 0 0 0 0 7 0 4
S O : 0 0 0 0 7 0 4
S O : 0 0 0 0 4 4 0
S O : 0 0 0 0 7 0 4
S O : 0 0 0 0 9 0 2
S O : 0 0 0 0 7 0 4
S O : 0 0 0 0 1 0 1
S O : 0 0 0 0 4 4 0
S O : 0 0 0 0 9 0 2
S O : 0 0 0 1 0 2 6
S O : 0 0 0 0 9 0 2
S O : 0 0 0 0 1 0 1
S O : 0 0 0 0 9 0 2
S O : 0 0 0 0 7 0 4
S O : 0 0 0 0 1 0 1
S O : 0 0 0 0 1 0 1
S O : 0 0 0 0 1 0 1
S O : 0 0 0 0 1 0 1
S O : 0 0 0 0 7 0 4
S O : 0 0 0 0 1 0 1
S O : 0 0 0 0 1 0 1
S O : 0 0 0 0 1 0 1
S O : 0 0 0 0 1 0 1
S O : 0 0 0 0 1 0 1
S O : 0 0 0 0 1 0 1
S O : 0 0 0 1 0 2 6
S O : 0 0 0 0 7 0 4
S O : 0 0 0 0 1 0 1
S O : 0 0 0 0 0 2 8
S O : 0 0 0 0 9 8 5
S O : 0 0 0 0 1 0 1
S O : 0 0 0 0 9 0 2
S O : 0 0 0 0 3 5 7
S O : 0 0 0 0 7 0 4
S O : 0 0 0 0 7 0 4
S O : 0 0 0 0 3 4 6
S O : 0 0 0 0 4 4 0
S O : 0 0 0 0 3 5 7
S O : 0 0 0 0 7 0 4
S O : 0 0 0 0 4 4 0
S O : 0 0 0 0 7 0 4
S O : 0 0 0 0 7 0 4
S O : 0 0 0 0 9 0 2
S O : 0 0 0 0 1 0 1
S O : 0 0 0 0 7 0 4
S O : 0 0 0 0 1 0 1
S O : 0 0 0 0 1 0 1
S O : 0 0 0 1 0 2 6
S O : 0 0 0 1 0 2 6
S O : 0 0 0 0 1 0 1
S O : 0 0 0 1 0 2 6
S O : 0 0 0 0 7 0 4
S O : 0 0 0 0 1 1 2
S O : 0 0 0 0 1 0 1
S O : 0 0 0 0 7 0 4
S O : 0 0 0 0 4 4 0
S O : 0 0 0 0 7 0 4
S O : 0 0 0 0 7 0 4
S O : 0 0 0 0 7 0 4
S O : 0 0 0 0 1 8 8
S O : 0 0 0 0 7 0 4
S O : 0 0 0 0 1 8 8
S O : 0 0 0 0 9 9 6
S O : 0 0 0 0 1 1 2
S O : 0 0 0 0 1 4 7
S O : 0 0 0 0 7 0 4
S O : 0 0 0 0 2 4 3
S O : 0 0 0 0 1 4 7
S O : 0 0 0 0 2 4 3
S O : 0 0 0 0 0 7 9
S O : 1 0 0 1 1 8 7
S O : 1 0 0 1 1 8 7
S O : 1 0 0 1 1 8 7
S O : 0 0 0 0 7 0 4
S O : 0 0 0 0 1 4 7
S O : 0 0 0 0 6 7 3
S O : 0 0 0 0 1 6 7
S O : 0 0 0 0 9 0 2
S O : 0 0 0 0 7 0 4
S O : 0 0 0 0 4 4 0
S O : 0 0 0 0 1 6 7
S O : 0 0 0 0 9 0 2
S O : 0 0 0 0 9 0 2
S O : 0 0 0 0 7 0 4
S O : 0 0 0 0 1 0 1
S O : 0 0 0 0 9 0 2
S O : 0 0 0 0 1 0 1
S O : 0 0 0 0 1 0 1
S O : 0 0 0 0 1 0 1
S O : 0 0 0 0 7 0 4
S O : 0 0 0 0 7 0 4
S O : 0 0 0 0 4 1 7
S O : 0 0 0 0 7 0 4
S O : 0 0 0 0 7 0 4
S O : 0 0 0 0 7 0 4
S O : 0 0 0 0 1 4 7
S O : 0 0 0 1 0 6 0
S O : 0 0 0 0 1 1 2
S O : 0 0 0 0 1 4 7
S O : 0 0 0 0 3 5 7
S O : 0 0 0 0 6 7 3
S O : 0 0 0 0 7 0 4
S O : 0 0 0 0 2 4 3
S O : 1 0 0 1 1 8 7
S O : 0 0 0 0 7 0 4
S O : 0 0 0 0 1 0 1
S O : 0 0 0 0 7 0 4
S O : 0 0 0 0 1 0 1
S O : 0 0 0 0 7 0 4
S O : 0 0 0 0 5 8 1
S O : 0 0 0 0 2 4 3
S O : 0 0 0 0 7 0 4
S O : 0 0 0 0 7 0 4
S O : 0 0 0 0 1 0 1
S O : 0 0 0 0 7 0 4
S O : 0 0 0 0 4 4 0
S O : 0 0 0 0 7 0 4
S O : 0 0 0 0 7 0 4
S O : 0 0 0 0 7 0 4
S O : 0 0 0 0 7 0 4
S O : 0 0 0 0 9 0 2
S O : 0 0 0 0 7 0 4
S O : 0 0 0 0 1 0 1
S O : 0 0 0 0 7 0 4
S O : 0 0 0 0 4 4 0
S O : 0 0 0 0 7 0 4
S O : 0 0 0 0 1 6 7
S O : 0 0 0 0 9 0 2
S O : 0 0 0 0 4 4 0
S O : 0 0 0 0 1 0 1
S O : 0 0 0 0 1 0 1
S O : 0 0 0 1 0 2 6
S O : 0 0 0 1 0 2 6
S O : 0 0 0 0 1 0 1
S O : 0 0 0 1 0 2 6
S O : 0 0 0 0 1 0 1
S O : 0 0 0 0 7 0 4
S O : 0 0 0 0 4 4 0
S O : 0 0 0 0 7 0 4
S O : 0 0 0 0 4 4 0
S O : 0 0 0 0 7 0 4
S O : 0 0 0 0 7 0 4
S O : 0 0 0 0 7 0 4
S O : 0 0 0 0 7 0 4
S O : 0 0 0 0 7 0 4
S O : 0 0 0 0 4 4 0
S O : 0 0 0 0 7 0 4
S O : 0 0 0 0 5 5 1
S O : 0 0 0 0 1 5 5
S O : 0 0 0 0 7 0 4
S O : 0 0 0 0 4 4 0
S O : 0 0 0 0 7 0 4
S O : 0 0 0 0 4 4 0
S O : 0 0 0 0 7 0 4
S O : 0 0 0 0 2 4 3
S O : 0 0 0 0 7 0 4
S O : 0 0 0 0 7 0 4
S O : 0 0 0 0 4 4 0
S O : 0 0 0 0 2 4 3
S O : 0 0 0 0 2 4 3
S O : 0 0 0 0 7 0 4
S O : 0 0 0 0 2 4 3
S O : 0 0 0 0 7 0 4
S O : 0 0 0 1 6 4 2
S O : 0 0 0 0 7 0 4
S O : 0 0 0 0 7 0 4
S O : 0 0 0 0 1 0 1
S O : 0 0 0 1 0 2 6
S O : 0 0 0 0 7 0 4
S O : 0 0 0 0 1 0 1
S O : 0 0 0 0 1 0 1
S O : 0 0 0 0 1 5 5
S O : 0 0 0 0 7 0 4
S O : 0 0 0 0 1 0 1
S O : 0 0 0 1 0 2 6
S O : 0 0 0 1 0 2 6
S O : 0 0 0 0 9 1 8
S O : 0 0 0 0 1 6 5
S O : 0 0 0 0 7 0 4
S O : 0 0 0 0 1 6 5
S O : 0 0 0 0 1 6 7
S O : 0 0 0 0 7 0 4
S O : 0 0 0 0 7 0 4
S O : 0 0 0 0 9 0 2
S O : 0 0 0 0 7 0 4
S O : 0 0 0 0 1 0 1
S O : 0 0 0 0 7 0 4
S O : 0 0 0 0 4 4 0
S O : 0 0 0 0 7 0 4
S O : 0 0 0 0 7 0 4
S O : 0 0 0 0 1 6 7
S O : 0 0 0 0 7 0 4
S O : 0 0 0 0 7 0 4
S O : 0 0 0 0 1 0 1
S O : 0 0 0 0 4 4 0
S O : 0 0 0 1 0 2 6
S O : 0 0 0 0 7 0 4
S O : 0 0 0 0 9 0 2
S O : 0 0 0 0 7 0 4
S O : 0 0 0 0 9 0 2
S O : 0 0 0 0 7 0 4
S O : 0 0 0 0 1 0 1
S O : 0 0 0 0 4 4 0
S O : 0 0 0 0 1 1 2
S O : 0 0 0 0 7 0 4
S O : 0 0 0 0 4 4 0
S O : 0 0 0 0 1 4 7
S O : 0 0 0 0 1 4 7
S O : 0 0 0 0 3 1 9
S O : 0 0 0 0 7 1 7
S O : 0 0 0 0 1 5 5
S O : 0 0 0 0 1 1 2
S O : 0 0 0 0 0 2 8
S O : 0 0 0 0 0 3 7
S O : 0 0 0 0 1 5 5
S O : 0 0 0 0 0 3 0
S O : 0 0 0 0 1 5 5
S O : 0 0 0 0 3 4 6
S O : 0 0 0 0 0 2 8
S O : 0 0 0 0 3 4 6
S O : 0 0 0 0 3 4 6
S O : 0 0 0 0 3 4 6
S O : 0 0 0 0 3 4 6
S O : 0 0 0 0 1 0 1
S O : 0 0 0 0 4 4 0
S O : 0 0 0 0 3 4 6
S O : 0 0 0 0 3 4 6
S O : 0 0 0 0 3 4 6
S O : 0 0 0 0 0 2 8
S O : 0 0 0 0 1 4 1
S O : 0 0 0 0 7 0 4
S O : 0 0 0 0 3 4 6
S O : 0 0 0 0 3 4 6
S O : 0 0 0 0 7 5 5
S O : 0 0 0 0 5 5 1
S O : 0 0 0 0 7 0 4
S O : 0 0 0 0 3 4 6
S O : 0 0 0 0 3 4 6
S O : 0 0 0 0 7 0 4
S O : 0 0 0 0 1 5 5
S O : 0 0 0 0 1 1 2
S O : 0 0 0 0 1 1 2
S O : 0 0 0 0 1 1 2
S O : 0 0 0 0 1 1 2
S O : 0 0 0 0 0 2 8
S O : 0 0 0 0 1 5 5
S O : 0 0 0 0 8 1 5
S O : 0 0 0 0 1 0 1
S O : 0 0 0 0 8 1 5
S O : 0 0 0 0 3 6 6
S O : 0 0 0 0 1 5 5
S O : 0 0 0 0 1 5 3
S O : 0 0 0 1 0 2 6
S O : 0 0 0 0 0 2 8
S O : 0 0 0 0 2 3 6
S O : 0 0 0 0 0 2 8
S O : 0 0 0 0 0 2 8
S O : 0 0 0 0 1 0 1
S O : 0 0 0 1 0 2 6
S O : 0 0 0 1 0 2 6
S O : 0 0 0 0 4 4 0
S O : 0 0 0 0 7 0 4
S O : 0 0 0 0 9 0 2
S O : 0 0 0 0 7 0 4
S O : 0 0 0 0 7 0 4
S O : 0 0 0 0 7 0 4
S O : 0 0 0 0 7 0 4
S O : 0 0 0 0 7 0 4
S O : 0 0 0 0 6 1 1
S O : 0 0 0 0 7 0 4
S O : 0 0 0 0 1 4 7
S O : 0 0 0 0 7 0 4
S O : 0 0 0 1 0 2 6
S O : 0 0 0 0 9 9 6
S O : 0 0 0 0 1 1 2
S O : 0 0 0 0 1 0 1
S O : 0 0 0 0 7 0 4
S O : 0 0 0 0 4 4 0
S O : 0 0 0 0 4 4 0
S O : 0 0 0 0 7 0 4
S O : 0 0 0 0 7 0 4
S O : 0 0 0 0 7 0 4
S O : 0 0 0 0 1 0 1
S O : 0 0 0 0 7 0 4
S O : 0 0 0 0 4 4 0
S O : 0 0 0 0 7 0 4
S O : 0 0 0 0 2 4 3
S O : 0 0 0 0 7 1 6
S O : 0 0 0 0 5 5 3
S O : 0 0 0 0 7 1 6
S O : 0 0 0 0 5 8 1
S O : 0 0 0 0 1 4 7
S O : 0 0 0 0 1 0 1
S O : 0 0 0 0 4 4 0
S O : 0 0 0 0 1 5 5
S O : 0 0 0 0 7 0 4
S O : 0 0 0 0 1 0 1
S O : 0 0 0 0 1 0 1
S O : 0 0 0 0 7 0 4
S O : 0 0 0 0 1 0 1
S O : 0 0 0 0 1 0 1
S O : 0 0 0 0 7 0 4
S O : 0 0 0 0 7 0 4
S O : 0 0 0 0 7 0 4
S O : 0 0 0 0 7 0 4
S O : 0 0 0 0 1 4 7
S O : 0 0 0 0 2 4 3
S O : 0 0 0 0 7 0 4
S O : 0 0 0 1 0 6 0
S O : 0 0 0 0 7 0 4
S O : 0 0 0 0 9 0 2
S O : 0 0 0 0 7 0 4
S O : 0 0 0 0 7 0 4
S O : 0 0 0 0 1 4 7
S O : 0 0 0 0 2 4 3
S O : 0 0 0 5 8 5 3
S O : 0 0 0 0 7 0 4
S O : 0 0 0 0 9 0 2
S O : 0 0 0 0 0 2 8
S O : 0 0 0 0 1 1 2
S O : 0 0 0 0 7 0 4
S O : 0 0 0 0 1 0 1
S O : 0 0 0 0 1 0 1
S O : 0 0 0 0 7 0 4
S O : 0 0 0 0 7 0 4
S O : 0 0 0 0 3 4 6
S O : 0 0 0 0 7 0 4
S O : 0 0 0 0 7 0 4
S O : 0 0 0 0 1 6 7
S O : 0 0 0 1 0 2 3
S O : 0 0 0 0 4 1 7
S O : 0 0 0 0 4 1 7
S O : 0 0 0 0 4 1 7
S O : 0 0 0 0 4 1 7
S O : 0 0 0 0 4 1 7
S O : 0 0 0 0 4 1 7
S O : 0 0 0 0 4 1 7
S O : 0 0 0 1 0 2 3
S O : 0 0 0 0 4 1 7
S O : 0 0 0 0 7 0 4
S O : 0 0 0 0 9 0 2
S O : 0 0 0 0 9 0 2
S O : 0 0 0 0 7 0 4
S O : 0 0 0 0 9 0 2
S O : 0 0 0 0 9 0 2
S O : 0 0 0 0 9 0 2
S O : 0 0 0 0 9 0 2
S O : 0 0 0 0 7 0 4
S O : 0 0 0 0 7 0 4
S O : 0 0 0 0 7 0 4
S O : 0 0 0 0 7 0 4
S O : 0 0 0 0 7 0 4
S O : 0 0 0 1 5 8 7
S O : 0 0 0 0 7 0 4
S O : 0 0 0 0 4 1 7
S O : 0 0 0 0 4 1 7
S O : 0 0 0 0 7 0 4
S O : 0 0 0 0 7 0 4
S O : 0 0 0 0 4 1 7
S O : 0 0 0 0 4 1 7
S O : 0 0 0 1 0 2 3
S O : 0 0 0 5 8 5 3
S O : 0 0 0 0 8 5 2
S O : 0 0 0 0 3 1 8
S O : 0 0 0 0 7 0 4
S O : 0 0 0 0 1 1 2
S O : 0 0 0 1 0 3 0
S O : 0 0 0 1 0 3 1
S O : 0 0 0 0 1 1 2
S O : 0 0 0 1 0 2 3
S O : 0 0 0 1 0 2 3
S O : 0 0 0 0 3 4 6
S O : 0 0 0 0 4 4 0
S O : 0 0 0 0 9 0 2
S O : 0 0 0 0 9 0 2
S O : 0 0 0 0 9 0 2
S O : 0 0 0 0 4 4 0
S O : 0 0 0 0 4 4 0
S O : 0 0 0 0 4 4 0
S O : 0 0 0 0 3 4 6
S O : 0 0 0 1 0 2 3
S O : 0 0 0 0 7 0 4
S O : 0 0 0 1 0 2 3
S O : 0 0 0 0 1 5 5
S O : 0 0 0 0 1 5 5
S O : 0 0 0 0 9 0 2
S O : 0 0 0 0 9 0 2
S O : 0 0 0 0 9 0 2
S O : 0 0 0 0 7 0 4
S O : 0 0 0 0 7 0 4
S O : 0 0 0 0 7 0 4
S O : 0 0 0 0 7 0 4
S O : 0 0 0 0 7 0 4
S O : 0 0 0 0 7 0 4
S O : 0 0 0 0 7 0 4
S O : 0 0 0 0 7 0 4
S O : 0 0 0 0 7 0 4
S O : 0 0 0 0 7 0 4
S O : 0 0 0 0 7 0 4
S O : 0 0 0 0 7 0 4
S O : 0 0 0 0 7 0 4
S O : 0 0 0 0 7 0 4
S O : 0 0 0 0 7 0 4
S O : 0 0 0 1 0 2 6
S O : 0 0 0 0 7 0 4
S O : 0 0 0 0 4 1 7
S O : 0 0 0 0 7 0 4
S O : 0 0 0 1 0 2 6
S O : 0 0 0 0 2 0 7
S O : 1 0 0 0 0 1 7
S O : 0 0 0 0 4 1 7
S O : 0 0 0 0 7 0 4
S O : 1 0 0 0 0 1 7
S O : 0 0 0 0 4 1 7
S O : 0 0 0 0 4 1 7
S O : 0 0 0 0 4 1 7
S O : 0 0 0 0 8 5 8
S O : 0 0 0 1 0 2 3
S O : 0 0 0 1 0 6 0
S O : 0 0 0 0 6 7 3
S O : 0 0 0 1 0 6 0
S O : 0 0 0 1 0 6 0
S O : 0 0 0 0 4 1 7
S O : 0 0 0 0 7 0 4
S O : 0 0 0 1 0 6 0
S O : 0 0 0 0 7 0 4
S O : 0 0 0 0 3 6 6
S O : 0 0 0 0 4 1 7
S O : 0 0 0 0 4 1 7
S O : 0 0 0 0 9 9 3
S O : 0 0 0 0 4 1 7
S O : 0 0 0 0 1 6 7
S O : 0 0 0 0 4 1 7
S O : 0 0 0 0 4 1 7
S O : 0 0 0 1 1 1 7
S O : 0 0 0 0 4 1 7
S O : 0 0 0 0 4 1 7
S O : 0 0 0 1 0 2 3
S O : 0 0 0 1 0 6 0
S O : 0 0 0 1 0 2 3
S O : 1 0 0 1 1 8 7
S O : 0 0 0 1 0 6 0
S O : 0 0 0 1 0 6 0
S O : 0 0 0 0 7 0 4
S O : 0 0 0 0 7 0 4
S O : 0 0 0 0 7 0 4
S O : 0 0 0 0 4 1 7
S O : 0 0 0 0 7 0 4
S O : 0 0 0 0 7 0 4
S O : 0 0 0 0 7 0 4
S O : 0 0 0 0 7 0 4
S O : 0 0 0 0 7 0 4
S O : 0 0 0 0 7 0 4
S O : 0 0 0 1 0 2 6
S O : 0 0 0 0 7 0 4
S O : 0 0 0 0 7 0 4
S O : 0 0 0 0 7 0 4
S O : 0 0 0 0 2 8 5
S O : 0 0 0 0 7 0 4
S O : 0 0 0 0 7 0 4
S O : 0 0 0 0 7 0 4
S O : 0 0 0 0 1 4 7
S O : 0 0 0 0 7 0 4
S O : 0 0 0 0 7 0 4
S O : 0 0 0 0 1 1 2
S O : 0 0 0 0 1 2 1
S O : 0 0 0 0 1 2 1
S O : 0 0 0 0 1 0 2
S O : 0 0 0 0 7 0 4
S O : 0 0 0 0 3 4 6
S O : 0 0 0 0 7 0 4
S O : 0 0 0 0 3 5 7
S O : 0 0 0 0 1 4 7
S O : 0 0 0 1 0 2 3
S O : 0 0 0 1 0 2 3
S O : 0 0 0 0 9 0 2
S O : 0 0 0 0 1 4 7
S O : 0 0 0 1 0 2 3
S O : 0 0 0 1 8 1 7
S O : 0 0 0 0 1 4 7
S O : 0 0 0 0 9 8 5
S O : 0 0 0 0 9 8 5
S O : 0 0 0 0 7 0 4
S O : 0 0 0 0 7 0 4
S O : 0 0 0 1 0 6 0
S O : 0 0 0 0 7 0 4
S O : 0 0 0 0 7 0 4
S O : 0 0 0 0 7 0 4
S O : 0 0 0 0 7 0 4
S O : 0 0 0 0 1 6 7
S O : 0 0 0 0 7 0 4
S O : 0 0 0 0 7 0 4
S O : 0 0 0 1 0 2 3
S O : 0 0 0 1 0 2 3
S O : 0 0 0 1 0 2 3
S O : 0 0 0 1 0 2 3
S O : 0 0 0 0 7 0 4
S O : 0 0 0 0 7 0 4
S O : 0 0 0 1 0 2 3
S O : 0 0 0 1 0 2 3
S O : 0 0 0 1 0 2 3
S O : 0 0 0 0 7 0 4
S O : 0 0 0 1 0 2 3
S O : 0 0 0 0 7 0 4
S O : 0 0 0 0 7 0 4
S O : 0 0 0 1 0 2 3
S O : 0 0 0 0 7 0 4
S O : 0 0 0 1 0 2 3
S O : 0 0 0 0 7 0 4
S O : 0 0 0 0 7 0 4
S O : 0 0 0 0 7 0 4
S O : 0 0 0 0 7 0 4
S O : 0 0 0 0 7 0 4
S O : 0 0 0 1 0 2 3
S O : 0 0 0 1 5 8 7
S O : 0 0 0 1 0 2 3
S O : 0 0 0 1 0 2 3
S O : 0 0 0 0 6 4 6
S O : 0 0 0 0 6 4 6
S O : 0 0 0 0 6 4 6
S O : 0 0 0 0 6 4 6
S O : 0 0 0 0 6 4 6
S O : 0 0 0 0 6 4 6
S O : 0 0 0 0 6 4 6
S O : 0 0 0 0 6 4 6
S O : 0 0 0 0 2 3 6
S O : 0 0 0 0 6 4 6
S O : 0 0 0 0 7 0 4
S O : 0 0 0 0 7 0 4
S O : 0 0 0 0 7 0 4
S O : 0 0 0 0 7 0 4
S O : 0 0 0 0 6 4 6
S O : 0 0 0 0 6 4 6
S O : 0 0 0 0 6 4 6
S O : 0 0 0 0 6 4 6
S O : 0 0 0 1 0 2 3
S O : 0 0 0 1 5 8 7
S O : 0 0 0 0 1 4 7
S O : 0 0 0 1 0 2 3
S O : 0 0 0 0 7 0 4
S O : 0 0 0 0 2 3 6
S O : 0 0 0 0 1 4 7
S O : 0 0 0 0 6 4 6
S O : 0 0 0 0 6 4 6
S O : 0 0 0 0 7 0 4
S O : 1 0 0 1 1 8 7
S O : 0 0 0 0 6 4 6
S O : 0 0 0 0 6 4 6
S O : 0 0 0 0 8 5 4
S O : 1 0 0 1 1 8 7
S O : 1 0 0 1 1 8 7
S O : 1 0 0 1 1 8 7
S O : 0 0 0 0 6 4 6
S O : 0 0 0 1 0 2 3
S O : 0 0 0 0 7 0 4
S O : 0 0 0 0 1 4 7
S O : 0 0 0 0 7 0 4
S O : 0 0 0 0 7 0 4
S O : 0 0 0 1 0 2 3
S O : 0 0 0 1 5 8 7
S O : 0 0 0 1 0 2 3
S O : 0 0 0 0 7 0 4
S O : 1 0 0 1 1 8 7
S O : 0 0 0 0 6 4 6
S O : 0 0 0 0 7 0 4
S O : 0 0 0 0 7 0 4
S O : 0 0 0 1 0 2 6
S O : 0 0 0 0 7 0 4
S O : 0 0 0 0 6 4 6
S O : 0 0 0 0 6 4 6
S O : 0 0 0 0 6 4 6
S O : 0 0 0 0 6 4 6
S O : 0 0 0 0 6 4 6
S O : 0 0 0 0 6 4 6
S O : 0 0 0 0 6 4 6
S O : 0 0 0 0 6 4 6
S O : 0 0 0 1 0 2 3
S O : 0 0 0 1 5 8 7
S O : 0 0 0 1 0 2 3
S O : 0 0 0 1 0 2 3
S O : 0 0 0 0 1 4 7
S O : 0 0 0 1 0 2 3
S O : 0 0 0 1 0 2 3
S O : 0 0 0 0 7 0 4
S O : 0 0 0 0 7 0 4
S O : 0 0 0 0 7 0 4
S O : 0 0 0 0 7 0 4
S O : 0 0 0 0 7 0 4
S O : 0 0 0 0 7 0 4
S O : 0 0 0 1 0 2 3
S O : 0 0 0 0 7 0 4
S O : 0 0 0 1 0 2 3
S O : 0 0 0 0 7 0 4
S O : 0 0 0 0 6 4 6
S O : 0 0 0 0 6 4 6
S O : 0 0 0 0 6 4 6
S O : 0 0 0 0 4 4 0
S O : 0 0 0 0 1 5 5
S O : 0 0 0 0 6 4 6
S O : 0 0 0 0 6 4 6
S O : 0 0 0 0 6 4 6
S O : 0 0 0 0 7 0 4
S O : 0 0 0 0 6 4 6
S O : 0 0 0 0 6 4 6
S O : 0 0 0 0 7 0 4
S O : 0 0 0 0 7 0 4
S O : 0 0 0 0 7 0 4
S O : 0 0 0 0 7 0 4
S O : 0 0 0 0 6 4 6
S O : 0 0 0 0 6 4 6
S O : 0 0 0 0 7 0 4
S O : 0 0 0 1 0 2 3
S O : 0 0 0 1 0 2 3
S O : 0 0 0 1 0 2 6
S O : 0 0 0 1 2 4 8
S O : 0 0 0 0 7 0 4
S O : 0 0 0 0 1 4 7
S O : 0 0 0 1 0 2 6
S O : 0 0 0 1 0 2 6
S O : 0 0 0 0 7 0 4
S O : 0 0 0 0 7 0 4
S O : 0 0 0 0 7 0 4
S O : 0 0 0 0 6 4 6
S O : 0 0 0 0 6 4 6
S O : 0 0 0 0 6 4 6
S O : 0 0 0 0 6 4 6
S O : 0 0 0 0 6 4 6
S O : 0 0 0 0 6 4 6
S O : 0 0 0 0 6 4 6
S O : 0 0 0 0 8 5 3
S O : 0 0 0 0 8 5 2
S O : 0 0 0 0 6 4 6
S O : 0 0 0 0 6 4 6
S O : 0 0 0 0 6 4 6
S O : 0 0 0 0 6 4 6
S O : 0 0 0 0 6 4 6
S O : 0 0 0 0 6 4 6
S O : 0 0 0 0 6 4 6
S O : 0 0 0 0 7 0 4
S O : 0 0 0 0 6 4 6
S O : 0 0 0 0 6 4 6
S O : 0 0 0 0 6 4 6
S O : 0 0 0 0 6 4 6
S O : 0 0 0 0 6 4 6
S O : 0 0 0 0 6 4 6
S O : 0 0 0 0 6 4 6
S O : 0 0 0 0 6 4 6
S O : 0 0 0 0 6 4 6
S O : 0 0 0 1 0 2 3
S O : 0 0 0 0 7 0 4
S O : 0 0 0 0 6 4 6
S O : 0 0 0 1 0 6 0
S O : 0 0 0 1 0 6 0
S O : 0 0 0 1 0 6 0
S O : 0 0 0 1 0 6 0
S O : 0 0 0 1 0 6 0
S O : 0 0 0 0 7 0 4
S O : 0 0 0 1 0 6 0
S O : 0 0 0 1 0 6 0
S O : 0 0 0 1 0 6 0
S O : 0 0 0 0 7 0 4
S O : 0 0 0 1 0 6 0
S O : 0 0 0 1 0 6 0
S O : 0 0 0 1 0 6 0
S O : 0 0 0 0 7 0 4
S O : 0 0 0 1 0 6 0
S O : 0 0 0 1 0 6 0
S O : 0 0 0 0 7 0 4
S O : 0 0 0 1 0 6 0
S O : 0 0 0 0 7 0 4
S O : 0 0 0 0 7 0 4
S O : 0 0 0 1 0 6 0
S O : 0 0 0 0 7 0 4
S O : 0 0 0 0 7 0 4
S O : 0 0 0 0 7 0 4
S O : 0 0 0 0 7 0 4
S O : 0 0 0 0 7 0 4
S O : 0 0 0 1 8 6 1
S O : 0 0 0 0 7 0 4
S O : 0 0 0 0 7 0 4
S O : 0 0 0 0 7 0 4
S O : 0 0 0 0 7 0 4
S O : 0 0 0 0 7 0 4
S O : 0 0 0 0 7 0 4
S O : 0 0 0 0 7 0 4
S O : 0 0 0 0 7 0 4
S O : 0 0 0 0 7 0 4
S O : 0 0 0 1 0 6 0
S O : 0 0 0 1 0 6 0
S O : 0 0 0 1 0 6 0
S O : 0 0 0 1 0 6 0
S O : 0 0 0 0 7 0 4
S O : 0 0 0 0 7 0 4
S O : 0 0 0 1 0 6 0
S O : 0 0 0 1 0 6 0
S O : 0 0 0 1 0 6 0
S O : 0 0 0 0 7 0 4
S O : 0 0 0 0 7 0 4
S O : 0 0 0 0 7 0 4
S O : 0 0 0 0 7 0 4
S O : 0 0 0 1 0 6 0
S O : 0 0 0 0 1 4 7
S O : 0 0 0 0 7 0 4
S O : 0 0 0 0 7 0 4
S O : 0 0 0 0 7 0 4
S O : 0 0 0 0 7 0 4
S O : 0 0 0 0 7 0 4
S O : 0 0 0 0 7 0 4
S O : 0 0 0 0 7 0 4
S O : 0 0 0 0 7 0 4
S O : 0 0 0 0 7 0 4
S O : 0 0 0 0 7 0 4
S O : 0 0 0 0 7 0 4
S O : 0 0 0 0 7 0 4
S O : 0 0 0 0 7 0 4
S O : 0 0 0 0 7 0 4
S O : 0 0 0 0 7 0 4
S O : 0 0 0 0 4 1 7
S O : 0 0 0 0 4 1 7
S O : 0 0 0 0 7 0 4
S O : 0 0 0 0 7 0 4
S O : 0 0 0 0 2 0 0
S O : 0 0 0 0 4 1 7
S O : 0 0 0 0 3 1 8
S O : 0 0 0 5 8 5 3
S O : 0 0 0 5 8 5 3
S O : 0 0 0 1 0 2 6
S O : 0 0 0 0 1 1 2
S O : 0 0 0 0 1 1 2
S O : 0 0 0 0 1 1 2
S O : 0 0 0 0 0 7 7
S O : 0 0 0 0 1 1 2
S O : 0 0 0 0 7 0 4
S O : 0 0 0 1 0 2 3
S O : 0 0 0 0 0 6 1
S O : 0 0 0 1 0 2 3
S O : 0 0 0 1 0 2 3
S O : 0 0 0 5 8 5 3
S O : 0 0 0 0 1 4 7
S O : 0 0 0 0 0 6 1
S O : 0 0 0 0 7 0 4
S O : 0 0 0 1 8 1 7
S O : 0 0 0 0 3 5 9
S O : 0 0 0 5 8 5 3
S O : 0 0 0 0 0 6 1
S O : 0 0 0 0 1 4 7
S O : 0 0 0 0 0 6 1
S O : 0 0 0 0 1 4 7
S O : 0 0 0 0 3 4 6
S O : 0 0 0 5 8 5 3
S O : 0 0 0 0 1 1 2
S O : 0 0 0 1 0 2 3
S O : 0 0 0 1 0 2 6
S O : 0 0 0 0 0 0 6
S O : 0 0 0 0 0 2 8
S O : 0 0 0 0 7 0 4
S O : 0 0 0 0 7 0 4
S O : 0 0 0 0 7 0 4
S O : 0 0 0 0 7 0 4
S O : 0 0 0 0 7 0 4
S O : 0 0 0 0 7 0 4
S O : 0 0 0 0 7 0 4
S O : 0 0 0 0 7 0 4
S O : 0 0 0 0 7 0 4
S O : 0 0 0 0 7 0 4
S O : 0 0 0 0 7 0 4
S O : 0 0 0 0 7 0 4
S O : 0 0 0 0 7 0 4
S O : 0 0 0 0 7 0 4
S O : 0 0 0 0 7 0 4
S O : 0 0 0 0 7 0 4
S O : 0 0 0 0 7 0 4
S O : 0 0 0 0 9 3 2
S O : 0 0 0 0 8 5 5
S O : 0 0 0 0 8 5 5
S O : 0 0 0 0 7 0 4
S O : 0 0 0 0 7 0 4
S O : 0 0 0 0 9 0 2
S O : 0 0 0 0 9 0 2
S O : 0 0 0 0 9 0 2
S O : 0 0 0 0 9 0 2
S O : 0 0 0 1 0 2 3
S O : 0 0 0 1 0 2 3
S O : 0 0 0 0 7 0 4
S O : 0 0 0 0 7 0 4
S O : 0 0 0 0 7 0 4
S O : 0 0 0 0 9 0 2
S O : 0 0 0 1 0 2 6
S O : 0 0 0 0 1 8 8
S O : 0 0 0 0 7 0 4
S O : 0 0 0 0 9 0 2
S O : 0 0 0 0 1 8 8
S O : 0 0 0 0 1 4 7
S O : 0 0 0 0 9 0 2
S O : 1 0 0 1 1 8 7
S O : 0 0 0 0 9 0 2
S O : 0 0 0 0 7 0 4
S O : 0 0 0 1 0 2 6
S O : 0 0 0 0 7 0 4
S O : 0 0 0 0 7 0 4
S O : 0 0 0 0 7 0 4
S O : 0 0 0 0 7 0 4
S O : 0 0 0 0 9 0 2
S O : 0 0 0 0 7 0 4
S O : 0 0 0 1 0 2 3
S O : 0 0 0 1 2 7 2
S O : 0 0 0 1 2 4 9
S O : 0 0 0 0 9 0 2
S O : 0 0 0 1 4 1 4
S O : 0 0 0 0 1 8 8
S O : 0 0 0 0 7 0 4
S O : 0 0 0 0 9 0 2
S O : 0 0 0 0 9 0 2
S O : 0 0 0 0 9 0 2
S O : 0 0 0 0 9 0 2
S O : 0 0 0 1 0 2 6
S O : 0 0 0 0 3 6 6
S O : 0 0 0 0 9 0 2
S O : 0 0 0 0 9 0 2
S O : 0 0 0 0 1 8 8
S O : 0 0 0 0 9 0 2
S O : 0 0 0 0 3 6 6
S O : 0 0 0 1 0 2 1
S O : 0 0 0 0 9 0 2
S O : 0 0 0 0 1 4 7
S O : 0 0 0 1 0 2 1
S O : 0 0 0 0 1 4 7
S O : 0 0 0 0 1 4 7
S O : 0 0 0 0 1 8 8
S O : 0 0 0 0 7 0 4
S O : 0 0 0 0 7 0 4
S O : 0 0 0 0 2 3 6
S O : 0 0 0 0 1 4 7
S O : 0 0 0 0 1 4 7
S O : 0 0 0 0 1 9 5
S O : 1 0 0 1 1 8 7
S O : 1 0 0 1 1 8 7
S O : 1 0 0 1 1 8 7
S O : 0 0 0 0 5 5 1
S O : 0 0 0 0 0 7 7
S O : 0 0 0 0 0 7 7
S O : 0 0 0 0 7 0 4
S O : 0 0 0 0 6 7 3
S O : 0 0 0 0 6 7 3
S O : 0 0 0 0 7 0 4
S O : 0 0 0 0 6 7 3
S O : 0 0 0 0 7 0 4
S O : 0 0 0 0 7 0 4
S O : 0 0 0 0 6 7 3
S O : 0 0 0 0 7 0 4
S O : 0 0 0 0 7 0 4
S O : 0 0 0 0 5 5 1
S O : 0 0 0 0 6 7 3
S O : 0 0 0 0 7 0 4
S O : 0 0 0 0 7 0 4
S O : 0 0 0 0 7 0 4
S O : 0 0 0 0 7 0 4
S O : 0 0 0 0 7 0 4
S O : 1 0 0 1 1 8 7
S O : 1 0 0 1 1 8 7
S O : 0 0 0 0 9 0 2
S O : 0 0 0 0 3 1 3
S O : 0 0 0 0 7 0 4
S O : 0 0 0 0 7 0 4
S O : 0 0 0 0 6 7 3
S O : 0 0 0 0 7 0 4
S O : 1 0 0 1 1 8 7
S O : 0 0 0 0 6 7 3
S O : 0 0 0 0 7 0 4
S O : 0 0 0 0 6 7 3
S O : 0 0 0 0 7 0 4
S O : 0 0 0 0 7 0 4
S O : 0 0 0 0 7 0 4
S O : 0 0 0 0 7 0 4
S O : 0 0 0 0 5 6 8
S O : 0 0 0 0 4 4 0
S O : 0 0 0 0 9 0 2
S O : 0 0 0 0 9 0 2
S O : 0 0 0 0 3 6 6
S O : 0 0 0 1 0 2 6
S O : 0 0 0 0 9 0 2
S O : 0 0 0 1 0 2 6
S O : 0 0 0 0 4 4 0
S O : 0 0 0 0 4 4 0
S O : 0 0 0 0 1 1 2
S O : 0 0 0 0 1 1 2
S O : 0 0 0 0 4 4 0
S O : 0 0 0 0 4 4 0
S O : 0 0 0 1 0 2 6
S O : 0 0 0 0 1 8 8
S O : 0 0 0 0 7 0 4
S O : 0 0 0 1 0 2 1
S O : 0 0 0 0 9 0 2
S O : 0 0 0 0 9 0 2
S O : 0 0 0 0 1 1 2
S O : 0 0 0 0 1 8 8
S O : 0 0 0 0 1 1 2
S O : 0 0 0 1 4 1 4
S O : 0 0 0 1 0 2 3
S O : 0 0 0 0 1 1 2
S O : 0 0 0 1 0 2 3
S O : 0 0 0 1 0 2 3
S O : 0 0 0 0 1 1 2
S O : 0 0 0 0 1 1 2
S O : 0 0 0 0 0 2 8
S O : 0 0 0 1 0 2 3
S O : 0 0 0 0 1 1 2
S O : 0 0 0 0 0 2 8
S O : 0 0 0 1 0 2 3
S O : 0 0 0 0 2 0 4
S O : 0 0 0 0 3 6 6
S O : 1 0 0 1 1 8 7
S O : 0 0 0 0 1 1 2
S O : 0 0 0 0 1 4 7
S O : 0 0 0 1 0 3 0
S O : 0 0 0 0 1 4 7
S O : 0 0 0 1 0 3 1
S O : 0 0 0 0 7 0 4
S O : 0 0 0 0 6 7 3
S O : 0 0 0 0 6 7 3
S O : 0 0 0 0 1 4 7
S O : 0 0 0 0 3 1 9
S O : 0 0 0 0 1 4 7
S O : 0 0 0 0 3 1 8
S O : 0 0 0 0 6 7 3
S O : 0 0 0 0 1 4 7
S O : 0 0 0 0 3 1 9
S O : 0 0 0 0 3 1 9
S O : 0 0 0 0 7 0 4
S O : 0 0 0 0 6 7 3
S O : 0 0 0 0 6 7 3
S O : 0 0 0 0 1 8 8
S O : 0 0 0 0 7 0 4
S O : 0 0 0 0 7 0 4
