S O : 0 0 0 0 9 5 7
S O : 1 0 0 0 0 6 7
S O : 0 0 0 0 9 5 7
S O : 0 0 0 0 9 5 7
S O : 0 0 0 0 9 5 7
S O : 1 0 0 0 0 6 7
S O : 1 0 0 0 0 6 7
S O : 1 0 0 0 0 6 7
S O : 1 0 0 0 0 6 7
S O : 1 0 0 0 0 6 7
S O : 1 0 0 0 0 6 7
S O : 0 0 0 0 9 5 7
S O : 0 0 0 0 9 5 7
S O : 1 0 0 0 0 6 7
S O : 1 0 0 0 0 6 7
S O : 1 0 0 0 0 6 7
S O : 0 0 0 0 9 5 7
S O : 1 0 0 0 0 6 7
S O : 1 0 0 0 0 6 7
S O : 0 0 0 0 9 5 7
S O : 0 0 0 0 9 5 7
S O : 0 0 0 0 5 6 3
S O : 0 0 0 0 9 5 7
S O : 1 0 0 0 0 6 7
S O : 0 0 0 1 3 0 0
S O : 0 0 0 1 3 0 0
S O : 0 0 0 0 5 6 3
S O : 0 0 0 0 5 6 3
S O : 0 0 0 0 5 6 3
S O : 0 0 0 0 5 6 3
S O : 0 0 0 0 5 6 3
S O : 0 0 0 0 5 6 3
S O : 0 0 0 0 5 6 3
S O : 0 0 0 1 3 0 0
S O : 0 0 0 0 9 5 7
S O : 0 0 0 0 5 6 3
S O : 1 0 0 0 0 6 7
S O : 1 0 0 0 0 6 7
S O : 0 0 0 0 9 5 7
S O : 0 0 0 0 9 5 7
S O : 0 0 0 0 9 5 7
S O : 1 0 0 0 0 6 7
S O : 1 0 0 0 0 6 7
S O : 0 0 0 1 3 0 0
S O : 1 0 0 0 0 6 7
S O : 1 0 0 0 0 6 7
S O : 0 0 0 0 9 5 7
S O : 1 0 0 0 0 6 7
S O : 0 0 0 0 5 6 3
S O : 0 0 0 0 9 5 7
S O : 1 0 0 0 0 6 7
S O : 0 0 0 0 9 5 7
S O : 1 0 0 0 0 6 7
S O : 0 0 0 0 9 5 7
S O : 0 0 0 0 9 5 7
S O : 0 0 0 1 1 0 5
S O : 0 0 0 0 9 5 7
S O : 1 0 0 0 0 6 7
S O : 1 0 0 0 0 6 7
S O : 1 0 0 0 0 6 7
S O : 1 0 0 0 0 6 7
S O : 1 0 0 0 0 6 7
S O : 0 0 0 0 9 5 7
S O : 1 0 0 0 0 6 7
S O : 1 0 0 0 0 6 7
S O : 1 0 0 0 0 6 7
S O : 1 0 0 0 0 6 7
S O : 0 0 0 0 9 5 7
S O : 0 0 0 0 9 5 7
S O : 0 0 0 0 9 5 7
S O : 0 0 0 1 3 0 0
S O : 0 0 0 0 5 6 3
S O : 0 0 0 0 9 5 7
S O : 0 0 0 1 3 0 0
S O : 0 0 0 1 3 0 0
S O : 0 0 0 0 9 5 7
S O : 0 0 0 0 9 5 7
S O : 1 0 0 0 0 6 7
S O : 0 0 0 0 3 5 9
S O : 1 0 0 0 0 6 7
S O : 1 0 0 0 0 6 7
S O : 0 0 0 1 3 0 0
S O : 1 0 0 0 0 3 9
S O : 0 0 0 0 6 6 5
S O : 0 0 0 1 3 0 0
S O : 1 0 0 0 0 6 7
S O : 1 0 0 0 0 6 7
S O : 1 0 0 0 0 6 7
S O : 1 0 0 0 0 6 7
S O : 1 0 0 0 0 6 7
S O : 1 0 0 0 0 6 7
S O : 1 0 0 0 0 6 7
S O : 1 0 0 0 0 6 7
S O : 0 0 0 5 8 4 1
S O : 0 0 0 0 3 6 6
S O : 0 0 0 0 8 8 7
S O : 1 0 0 0 0 6 7
S O : 1 0 0 0 0 6 7
S O : 0 0 0 0 3 5 9
S O : 1 0 0 0 0 6 7
S O : 1 0 0 0 1 6 1
S O : 0 0 0 0 8 2 9
S O : 0 0 0 0 8 8 7
S O : 0 0 0 0 8 8 7
S O : 0 0 0 1 6 4 3
S O : 0 0 0 0 8 2 9
S O : 0 0 0 1 3 8 2
S O : 0 0 0 0 6 6 5
S O : 0 0 0 1 3 8 2
S O : 0 0 0 0 8 2 9
S O : 0 0 0 0 8 2 9
S O : 0 0 0 0 8 2 9
S O : 0 0 0 0 3 6 6
S O : 0 0 0 1 3 8 2
S O : 0 0 0 0 2 2 2
S O : 0 0 0 0 3 5 9
S O : 0 0 0 0 8 2 9
S O : 0 0 0 0 7 5 3
S O : 0 0 0 0 3 5 9
S O : 0 0 0 1 3 0 0
S O : 0 0 0 1 3 0 0
S O : 0 0 0 1 7 3 8
S O : 0 0 0 1 7 3 8
S O : 1 0 0 0 1 1 7
S O : 0 0 0 1 7 3 8
S O : 0 0 0 1 3 0 0
S O : 1 0 0 0 0 6 7
S O : 0 0 0 1 3 0 0
S O : 1 0 0 0 0 6 7
S O : 0 0 0 1 7 3 8
S O : 1 0 0 0 1 1 7
S O : 0 0 0 1 1 4 2
S O : 0 0 0 1 7 3 8
S O : 0 0 0 1 7 3 8
S O : 1 0 0 0 1 1 7
S O : 1 0 0 0 0 6 7
S O : 1 0 0 0 1 1 7
S O : 0 0 0 0 4 8 4
S O : 1 0 0 0 1 1 7
S O : 0 0 0 1 3 0 0
S O : 1 0 0 0 0 6 7
S O : 1 0 0 0 0 0 9
S O : 1 0 0 0 0 6 7
S O : 0 0 0 0 5 6 3
S O : 0 0 0 0 8 8 2
S O : 0 0 0 0 8 8 2
S O : 1 0 0 0 1 6 1
S O : 0 0 0 0 8 8 2
S O : 1 0 0 0 0 6 7
S O : 0 0 0 1 3 0 0
S O : 0 0 0 0 4 8 4
S O : 1 0 0 0 1 1 7
S O : 0 0 0 1 3 0 0
S O : 0 0 0 0 2 8 3
S O : 1 0 0 0 0 6 7
S O : 1 0 0 0 0 6 7
S O : 0 0 0 0 2 8 3
S O : 0 0 0 1 7 3 8
S O : 0 0 0 1 8 8 4
S O : 0 0 0 1 3 0 0
S O : 0 0 0 0 6 6 5
S O : 0 0 0 1 3 8 2
S O : 0 0 0 0 3 5 9
S O : 0 0 0 1 9 7 5
S O : 1 0 0 0 1 6 1
S O : 1 0 0 0 1 6 1
S O : 0 0 0 0 4 8 4
S O : 0 0 0 0 4 8 4
S O : 0 0 0 0 4 8 4
S O : 0 0 0 1 6 2 1
S O : 0 0 0 1 1 3 7
S O : 0 0 0 0 8 8 7
S O : 1 0 0 0 1 6 1
S O : 1 0 0 0 1 6 1
S O : 0 0 0 0 7 3 9
S O : 0 0 0 0 7 1 6
S O : 0 0 0 1 3 0 0
S O : 0 0 0 0 0 7 5
S O : 0 0 0 1 7 3 8
S O : 0 0 0 0 4 8 4
S O : 1 0 0 0 1 1 7
S O : 0 0 0 0 0 7 5
S O : 0 0 0 1 7 3 8
S O : 0 0 0 0 4 8 4
S O : 0 0 0 0 8 2 9
S O : 0 0 0 1 3 0 0
S O : 1 0 0 0 0 6 7
S O : 0 0 0 0 8 8 2
S O : 0 0 0 0 4 8 4
S O : 0 0 0 0 8 2 9
S O : 0 0 0 0 8 2 9
S O : 0 0 0 0 4 8 4
S O : 1 0 0 0 1 1 7
S O : 0 0 0 1 1 4 2
S O : 0 0 0 1 2 4 0
S O : 1 0 0 0 1 0 9
S O : 0 0 0 1 1 3 7
S O : 0 0 0 1 1 3 7
S O : 0 0 0 0 5 6 3
S O : 0 0 0 0 3 5 9
S O : 0 0 0 0 7 1 7
S O : 0 0 0 0 3 5 9
S O : 1 0 0 0 0 6 7
S O : 0 0 0 0 3 5 9
S O : 0 0 0 0 5 6 3
S O : 0 0 0 0 7 1 7
S O : 0 0 0 0 3 5 9
S O : 0 0 0 0 5 6 3
S O : 0 0 0 0 5 6 3
S O : 0 0 0 0 5 6 3
S O : 0 0 0 0 7 1 7
S O : 0 0 0 0 0 9 8
S O : 0 0 0 0 7 1 7
S O : 0 0 0 0 1 0 0
S O : 0 0 0 0 5 6 3
S O : 0 0 0 0 5 6 3
S O : 0 0 0 0 3 5 9
S O : 0 0 0 0 7 1 7
S O : 0 0 0 0 5 6 3
S O : 0 0 0 0 5 6 3
S O : 0 0 0 2 0 3 9
S O : 0 0 0 0 5 0 6
S O : 0 0 0 0 5 6 3
S O : 0 0 0 0 5 6 3
S O : 0 0 0 0 5 6 3
S O : 0 0 0 0 5 6 3
S O : 0 0 0 0 5 6 3
S O : 0 0 0 0 5 6 3
S O : 0 0 0 0 5 6 3
S O : 0 0 0 0 5 6 3
S O : 0 0 0 0 5 0 6
S O : 0 0 0 0 5 6 3
S O : 0 0 0 0 5 6 3
S O : 0 0 0 0 5 6 3
S O : 0 0 0 0 3 5 9
S O : 0 0 0 0 5 6 3
S O : 0 0 0 0 3 5 9
S O : 0 0 0 1 9 3 6
S O : 0 0 0 0 7 1 7
S O : 0 0 0 0 7 1 7
S O : 0 0 0 0 3 5 9
S O : 0 0 0 0 5 6 3
S O : 0 0 0 0 5 6 3
S O : 0 0 0 0 5 6 3
S O : 0 0 0 0 3 5 9
S O : 0 0 0 0 3 5 9
S O : 0 0 0 0 5 6 3
S O : 1 0 0 0 0 6 7
S O : 0 0 0 0 5 6 3
S O : 0 0 0 0 5 6 3
S O : 0 0 0 0 5 6 3
S O : 0 0 0 0 5 6 3
S O : 0 0 0 0 5 6 3
S O : 0 0 0 0 3 5 9
S O : 0 0 0 0 3 5 9
S O : 0 0 0 0 7 1 7
S O : 0 0 0 0 5 6 3
S O : 0 0 0 0 7 1 7
S O : 1 0 0 0 0 6 7
S O : 1 0 0 0 0 6 7
S O : 0 0 0 2 0 4 6
S O : 0 0 0 0 1 0 0
S O : 0 0 0 1 1 3 7
S O : 0 0 0 1 7 3 8
S O : 0 0 0 0 1 0 0
S O : 0 0 0 1 3 0 0
S O : 0 0 0 0 1 0 0
S O : 0 0 0 0 1 0 0
S O : 0 0 0 1 3 0 0
S O : 0 0 0 1 7 3 8
S O : 0 0 0 0 7 1 7
S O : 0 0 0 0 1 0 0
S O : 0 0 0 0 0 9 8
S O : 0 0 0 0 7 1 7
S O : 0 0 0 5 8 5 5
S O : 0 0 0 0 7 3 9
S O : 0 0 0 0 3 5 9
S O : 0 0 0 0 3 5 9
S O : 0 0 0 1 9 7 5
S O : 0 0 0 0 3 5 9
S O : 0 0 0 0 5 6 3
S O : 0 0 0 0 5 6 3
S O : 0 0 0 1 3 0 0
S O : 0 0 0 0 7 1 7
S O : 0 0 0 0 5 6 3
S O : 0 0 0 0 7 1 7
S O : 0 0 0 0 5 6 3
S O : 0 0 0 0 7 9 2
S O : 0 0 0 0 7 1 7
S O : 0 0 0 0 1 0 0
S O : 0 0 0 0 5 6 3
S O : 0 0 0 1 7 3 8
S O : 0 0 0 0 1 0 0
S O : 0 0 0 1 7 3 8
S O : 0 0 0 0 5 6 3
S O : 0 0 0 0 5 6 3
S O : 0 0 0 0 5 6 3
S O : 0 0 0 1 7 3 8
S O : 0 0 0 1 7 3 8
S O : 0 0 0 1 7 3 8
S O : 1 0 0 0 0 5 9
S O : 0 0 0 0 1 7 2
S O : 0 0 0 0 5 6 3
S O : 0 0 0 0 5 6 3
S O : 0 0 0 0 5 6 3
S O : 0 0 0 0 5 6 3
S O : 0 0 0 0 5 6 3
S O : 0 0 0 0 5 6 3
S O : 1 0 0 0 0 6 7
S O : 1 0 0 0 0 6 7
S O : 0 0 0 0 1 9 0
S O : 0 0 0 2 1 1 5
S O : 0 0 0 0 1 9 0
S O : 1 0 0 0 0 6 7
S O : 1 0 0 0 0 6 7
S O : 0 0 0 1 7 3 8
S O : 0 0 0 1 3 0 0
S O : 0 0 0 1 7 3 8
S O : 0 0 0 0 8 8 7
S O : 0 0 0 1 7 3 8
S O : 0 0 0 1 3 8 2
S O : 0 0 0 0 8 8 5
S O : 0 0 0 0 1 0 0
S O : 0 0 0 1 7 3 8
S O : 0 0 0 1 1 3 7
S O : 1 0 0 0 0 6 7
S O : 0 0 0 5 8 5 5
S O : 0 0 0 1 5 4 2
S O : 1 0 0 0 0 6 7
S O : 0 0 0 1 7 3 8
S O : 1 0 0 0 0 6 7
S O : 0 0 0 5 8 5 5
S O : 0 0 0 1 7 3 8
S O : 0 0 0 1 7 3 8
S O : 0 0 0 1 7 3 8
S O : 1 0 0 0 0 6 7
S O : 0 0 0 0 1 0 0
S O : 0 0 0 1 7 3 8
S O : 1 0 0 0 0 6 7
S O : 0 0 0 5 8 5 5
S O : 0 0 0 5 8 5 5
S O : 0 0 0 0 1 0 0
S O : 0 0 0 1 2 1 6
S O : 0 0 0 1 2 1 6
S O : 0 0 0 1 2 1 6
S O : 0 0 0 1 2 1 6
S O : 0 0 0 1 5 0 9
S O : 1 0 0 0 0 6 7
S O : 1 0 0 0 0 6 7
S O : 0 0 0 2 0 3 9
S O : 0 0 0 0 7 1 6
S O : 0 0 0 0 0 7 4
S O : 0 0 0 1 3 0 0
S O : 0 0 0 0 3 4 9
S O : 0 0 0 0 0 7 4
S O : 0 0 0 0 1 0 0
S O : 0 0 0 1 7 3 8
S O : 1 0 0 0 0 6 7
S O : 0 0 0 1 1 3 7
S O : 0 0 0 1 6 2 1
S O : 0 0 0 0 4 8 4
S O : 0 0 0 5 8 5 5
S O : 0 0 0 0 4 8 4
S O : 0 0 0 5 8 5 5
S O : 0 0 0 0 1 0 0
S O : 0 0 0 0 1 0 0
S O : 0 0 0 0 1 0 0
S O : 0 0 0 0 4 8 4
S O : 0 0 0 0 4 8 4
S O : 0 0 0 0 5 6 3
S O : 0 0 0 0 8 2 9
S O : 0 0 0 1 3 8 2
S O : 0 0 0 0 8 2 9
S O : 0 0 0 1 3 8 2
S O : 0 0 0 0 4 8 4
S O : 0 0 0 1 6 2 1
S O : 0 0 0 2 1 1 5
S O : 0 0 0 1 9 5 4
S O : 1 0 0 0 0 6 7
S O : 0 0 0 0 5 6 3
S O : 1 0 0 0 0 6 7
S O : 0 0 0 5 8 4 1
S O : 1 0 0 0 0 6 7
S O : 0 0 0 1 3 0 0
S O : 1 0 0 0 0 6 7
S O : 1 0 0 0 0 6 7
S O : 0 0 0 0 5 6 3
S O : 1 0 0 0 0 6 7
S O : 0 0 0 0 5 6 3
S O : 0 0 0 0 5 6 3
S O : 0 0 0 0 5 6 3
S O : 1 0 0 0 0 6 7
S O : 0 1 0 0 0 2 1
S O : 0 1 0 0 0 2 1
S O : 0 0 0 0 5 6 3
S O : 1 0 0 0 0 6 7
S O : 0 0 0 0 5 6 3
S O : 1 0 0 0 0 6 7
S O : 0 0 0 0 5 6 3
S O : 1 0 0 0 0 6 7
S O : 1 0 0 0 1 1 7
S O : 0 0 0 5 8 5 5
S O : 0 0 0 2 0 3 9
S O : 0 0 0 5 8 5 5
S O : 0 0 0 0 5 6 3
S O : 1 0 0 0 0 6 7
S O : 0 0 0 0 5 6 3
S O : 0 0 0 0 5 6 3
S O : 0 0 0 0 5 6 3
S O : 1 0 0 0 0 6 7
S O : 0 0 0 1 7 3 8
S O : 0 0 0 0 0 7 5
S O : 0 0 0 0 1 7 2
S O : 0 0 0 5 8 5 5
S O : 0 0 0 0 5 6 3
S O : 0 0 0 5 8 5 5
S O : 0 0 0 0 7 9 7
S O : 0 0 0 0 7 9 7
S O : 0 0 0 0 5 6 3
S O : 0 0 0 0 1 7 2
S O : 0 0 0 0 1 7 2
S O : 1 0 0 0 0 6 7
S O : 1 0 0 0 0 6 7
S O : 1 0 0 0 0 6 7
S O : 0 0 0 2 0 3 9
S O : 1 0 0 0 0 6 7
S O : 1 0 0 0 0 6 7
S O : 1 0 0 0 0 6 7
S O : 0 0 0 2 0 3 9
S O : 1 0 0 0 0 6 7
S O : 0 0 0 2 0 3 9
S O : 0 0 0 2 0 3 9
S O : 0 0 0 0 1 7 2
S O : 0 0 0 0 1 7 2
S O : 0 0 0 0 1 7 2
S O : 0 0 0 0 1 7 2
S O : 0 0 0 0 1 7 2
S O : 1 0 0 0 0 6 7
S O : 0 0 0 0 5 6 3
S O : 1 0 0 0 0 6 7
S O : 0 0 0 0 5 6 3
S O : 0 0 0 0 5 6 3
S O : 0 0 0 0 5 6 3
S O : 1 0 0 0 0 6 7
S O : 1 0 0 0 0 6 7
S O : 1 0 0 0 0 6 7
S O : 0 0 0 0 5 6 3
S O : 0 0 0 0 4 8 4
S O : 0 0 0 0 1 0 0
S O : 0 0 0 1 3 0 0
S O : 0 0 0 1 7 3 8
S O : 0 0 0 1 3 0 0
S O : 0 0 0 1 3 0 0
S O : 0 0 0 0 5 6 3
S O : 0 0 0 0 1 7 2
S O : 0 0 0 0 5 6 3
S O : 0 0 0 0 5 6 3
S O : 0 0 0 0 1 7 2
S O : 0 0 0 0 7 9 7
S O : 0 0 0 0 5 6 3
S O : 0 0 0 0 1 7 2
S O : 0 0 0 0 4 8 4
S O : 0 0 0 0 4 8 4
S O : 0 0 0 0 4 8 4
S O : 0 0 0 0 5 6 3
S O : 0 0 0 0 4 8 4
S O : 0 0 0 0 1 7 2
S O : 0 0 0 0 1 7 2
S O : 0 0 0 0 8 2 9
S O : 0 0 0 1 7 3 8
S O : 0 0 0 1 7 0 7
S O : 0 0 0 1 7 3 8
S O : 0 0 0 1 7 3 8
S O : 0 0 0 1 2 8 6
S O : 0 0 0 1 6 2 1
S O : 0 0 0 0 4 8 4
S O : 0 0 0 0 8 2 9
S O : 0 0 0 5 8 4 1
S O : 0 1 0 0 0 2 1
S O : 0 1 0 0 0 2 1
S O : 0 0 0 0 5 6 3
S O : 0 0 0 1 7 3 8
S O : 0 0 0 1 7 0 7
S O : 0 0 0 1 7 3 8
S O : 0 0 0 1 2 8 6
S O : 1 0 0 0 0 6 7
S O : 0 0 0 5 8 5 5
S O : 0 0 0 0 7 9 7
S O : 0 0 0 1 7 3 8
S O : 0 0 0 1 3 0 0
S O : 0 0 0 1 7 3 8
S O : 0 0 0 5 8 5 5
S O : 0 0 0 0 1 7 2
S O : 0 0 0 1 3 0 0
S O : 0 0 0 0 4 8 4
S O : 0 0 0 0 7 9 7
S O : 0 0 0 0 5 6 3
S O : 0 0 0 0 1 7 2
S O : 0 0 0 0 5 6 3
S O : 0 0 0 0 1 7 2
S O : 0 0 0 0 7 9 7
S O : 0 0 0 0 1 7 2
S O : 0 0 0 0 1 7 2
S O : 0 0 0 0 1 7 2
S O : 0 0 0 0 4 8 4
S O : 0 0 0 0 1 7 2
S O : 0 0 0 0 1 7 2
S O : 0 0 0 0 1 7 2
S O : 0 0 0 0 1 7 2
S O : 0 0 0 0 1 7 2
S O : 0 0 0 0 4 8 4
S O : 0 0 0 0 1 7 2
S O : 0 0 0 0 5 6 3
S O : 0 0 0 0 1 7 2
S O : 0 0 0 0 1 7 2
S O : 0 0 0 0 5 6 3
S O : 1 0 0 0 0 6 7
S O : 1 0 0 0 0 6 7
S O : 1 0 0 0 0 6 7
S O : 0 0 0 1 3 0 0
S O : 1 0 0 0 0 6 7
S O : 1 0 0 0 0 6 7
S O : 1 0 0 0 0 6 7
S O : 1 0 0 0 0 6 7
S O : 0 0 0 1 6 4 3
S O : 0 0 0 5 8 5 5
S O : 0 0 0 0 0 7 5
S O : 0 0 0 0 1 7 2
S O : 0 0 0 5 8 5 5
S O : 0 0 0 1 3 0 0
S O : 1 0 0 0 0 6 7
S O : 0 0 0 1 7 3 8
S O : 0 0 0 0 4 1 2
S O : 0 0 0 0 4 1 2
S O : 0 0 0 5 8 5 5
S O : 0 0 0 1 6 4 3
S O : 1 0 0 0 0 6 7
S O : 0 0 0 5 8 5 5
S O : 0 0 0 0 1 8 0
S O : 0 0 0 0 1 7 2
S O : 0 0 0 0 4 8 4
S O : 0 0 0 0 5 6 3
S O : 0 0 0 0 5 6 3
S O : 0 0 0 1 6 2 1
S O : 0 0 0 0 8 2 9
S O : 0 0 0 0 4 8 4
S O : 0 0 0 0 5 6 3
S O : 0 0 0 1 6 2 1
S O : 0 0 0 0 8 2 9
S O : 0 0 0 0 4 8 4
S O : 1 0 0 0 0 6 7
S O : 1 0 0 0 0 6 7
S O : 1 0 0 0 0 6 7
S O : 0 0 0 1 3 0 0
S O : 0 0 0 5 8 4 1
S O : 0 0 0 0 3 1 1
S O : 1 0 0 0 1 1 7
S O : 0 0 0 5 8 4 1
S O : 1 0 0 0 1 0 1
S O : 1 0 0 0 0 6 7
S O : 0 0 0 0 5 0 6
S O : 0 0 0 2 0 3 9
S O : 0 0 0 0 5 0 6
S O : 1 0 0 0 0 6 7
S O : 1 0 0 0 0 6 7
S O : 1 0 0 0 0 6 7
S O : 0 0 0 1 3 0 0
S O : 0 0 0 0 2 6 9
S O : 0 0 0 0 7 9 2
S O : 0 0 0 5 8 5 5
S O : 0 0 0 0 0 7 5
S O : 0 0 0 0 1 7 2
S O : 0 0 0 1 3 0 0
S O : 0 0 0 5 8 5 5
S O : 0 0 0 0 9 1 3
S O : 0 0 0 1 3 0 0
S O : 1 0 0 0 0 6 7
S O : 0 0 0 0 4 8 4
S O : 0 0 0 0 5 6 3
S O : 0 0 0 1 6 2 1
S O : 0 0 0 0 8 2 9
S O : 0 0 0 0 4 8 4
S O : 0 0 0 0 5 6 3
S O : 0 0 0 1 6 2 1
S O : 0 0 0 0 8 2 9
S O : 0 0 0 0 4 8 4
S O : 0 0 0 0 5 0 6
S O : 0 0 0 1 0 5 4
S O : 1 0 0 0 0 6 7
S O : 0 0 0 0 5 0 6
S O : 1 0 0 0 0 6 7
S O : 1 0 0 0 0 6 7
S O : 1 0 0 0 0 6 7
S O : 1 0 0 0 0 6 7
S O : 1 0 0 0 0 6 7
S O : 0 0 0 0 4 0 9
S O : 0 0 0 0 3 5 9
S O : 1 0 0 0 0 6 7
S O : 1 0 0 0 0 6 7
S O : 0 0 0 0 5 6 3
S O : 0 0 0 0 6 6 5
S O : 1 0 0 0 0 6 7
S O : 0 0 0 0 8 8 2
S O : 1 0 0 0 0 6 7
S O : 0 0 0 0 3 5 9
S O : 0 0 0 0 3 5 9
S O : 0 0 0 0 4 0 9
S O : 0 0 0 0 3 5 9
S O : 0 0 0 0 3 5 9
S O : 0 0 0 0 4 0 9
S O : 0 0 0 0 3 5 9
S O : 0 0 0 0 8 8 2
S O : 0 0 0 1 6 4 3
S O : 0 0 0 0 8 2 9
S O : 0 0 0 0 8 2 9
S O : 0 0 0 0 3 4 9
S O : 0 0 0 1 6 4 3
S O : 0 0 0 0 8 2 9
S O : 0 0 0 0 8 8 2
S O : 0 0 0 0 4 0 9
S O : 0 0 0 0 4 0 9
S O : 0 0 0 0 4 0 9
S O : 0 0 0 1 9 7 5
S O : 0 0 0 0 3 5 9
S O : 0 0 0 0 3 5 9
S O : 0 0 0 0 3 5 9
S O : 0 0 0 0 3 5 9
S O : 0 0 0 0 3 5 9
S O : 0 0 0 1 9 1 6
S O : 0 0 0 0 4 0 9
S O : 0 0 0 0 3 5 9
S O : 0 0 0 0 3 5 9
S O : 0 0 0 1 9 7 5
S O : 0 0 0 0 3 0 6
S O : 0 0 0 0 6 3 2
S O : 0 0 0 0 3 4 9
S O : 1 0 0 0 0 6 7
S O : 0 0 0 1 7 3 8
S O : 1 0 0 0 0 6 7
S O : 0 0 0 0 3 5 9
S O : 0 0 0 0 4 0 9
S O : 0 0 0 1 9 7 5
S O : 0 0 0 0 8 8 2
S O : 0 0 0 0 4 0 9
S O : 0 0 0 0 4 0 9
S O : 0 0 0 0 8 8 2
S O : 0 0 0 0 8 8 2
S O : 0 0 0 0 8 8 2
S O : 0 0 0 0 8 8 2
S O : 0 0 0 0 8 8 2
S O : 0 0 0 0 8 8 2
S O : 0 0 0 0 4 0 9
S O : 0 0 0 0 3 5 9
S O : 0 0 0 0 4 0 9
S O : 0 0 0 0 4 0 9
S O : 0 0 0 0 3 5 9
S O : 0 0 0 0 3 5 9
S O : 0 0 0 0 4 0 9
S O : 0 0 0 0 3 5 9
S O : 1 0 0 0 0 6 7
S O : 1 0 0 0 0 6 7
S O : 0 0 0 1 9 7 5
S O : 1 0 0 0 0 6 7
S O : 0 0 0 2 0 5 5
S O : 0 0 0 0 3 5 9
S O : 1 0 0 0 0 6 7
S O : 1 0 0 0 0 6 7
S O : 0 0 0 1 9 7 5
S O : 0 0 0 0 4 0 9
S O : 1 0 0 0 0 6 7
S O : 0 0 0 0 9 1 3
S O : 0 0 0 1 1 3 7
S O : 0 0 0 1 1 3 7
S O : 0 0 0 1 1 3 7
S O : 0 0 0 0 4 8 4
S O : 0 0 0 0 3 4 9
S O : 0 0 0 1 6 2 1
S O : 0 0 0 1 1 3 7
S O : 0 0 0 0 9 0 8
S O : 0 0 0 1 1 3 7
S O : 0 0 0 0 3 5 9
S O : 0 0 0 1 1 3 7
S O : 0 0 0 0 3 5 9
S O : 0 0 0 0 3 5 9
S O : 1 0 0 0 0 6 7
S O : 0 0 0 1 1 3 7
S O : 0 0 0 0 3 5 9
S O : 0 0 0 0 8 2 9
S O : 0 0 0 2 1 1 5
S O : 0 0 0 1 1 3 7
S O : 1 0 0 0 0 6 7
S O : 0 0 0 0 1 9 0
S O : 1 0 0 0 0 6 7
S O : 1 0 0 0 0 6 7
S O : 0 0 0 2 1 1 5
S O : 1 0 0 0 0 6 7
S O : 0 0 0 0 8 8 2
S O : 1 0 0 0 0 6 7
S O : 1 0 0 0 0 6 7
S O : 1 0 0 0 0 6 7
S O : 1 0 0 0 0 6 7
S O : 0 0 0 1 1 3 7
S O : 1 0 0 0 0 6 7
S O : 0 0 0 1 1 3 7
S O : 1 0 0 0 0 6 7
S O : 1 0 0 0 0 6 7
S O : 1 0 0 0 0 6 7
S O : 0 0 0 1 3 0 0
S O : 1 0 0 0 0 6 7
S O : 1 0 0 0 0 6 7
S O : 0 0 0 0 5 6 3
S O : 1 0 0 0 0 6 7
S O : 0 0 0 2 0 3 9
S O : 1 0 0 0 0 6 7
S O : 1 0 0 0 0 6 7
S O : 0 0 0 0 5 0 6
S O : 0 0 0 0 7 9 7
S O : 0 0 0 0 5 6 3
S O : 0 0 0 0 5 0 6
S O : 1 0 0 0 0 6 7
S O : 1 0 0 0 0 6 7
S O : 0 0 0 0 1 9 0
S O : 0 0 0 0 7 9 7
S O : 0 0 0 0 5 6 3
S O : 0 0 0 0 5 0 6
S O : 0 0 0 0 7 9 7
S O : 0 0 0 0 5 6 3
S O : 0 0 0 0 5 0 6
S O : 0 0 0 0 7 9 7
S O : 0 0 0 0 4 8 4
S O : 0 0 0 1 7 0 7
S O : 0 0 0 0 5 9 9
S O : 0 0 0 1 2 8 6
S O : 0 0 0 1 5 8 2
S O : 1 0 0 0 0 6 7
S O : 1 0 0 0 0 6 7
S O : 0 0 0 0 4 8 4
S O : 0 0 0 1 2 8 6
S O : 0 0 0 1 5 8 2
S O : 0 0 0 1 7 0 7
S O : 0 0 0 0 5 9 9
S O : 0 0 0 1 2 8 6
S O : 0 0 0 1 5 8 2
S O : 0 0 0 1 7 0 7
S O : 0 0 0 0 5 9 9
S O : 0 0 0 1 2 8 6
S O : 0 0 0 1 5 8 2
S O : 0 0 0 1 7 0 7
S O : 0 0 0 0 5 9 9
S O : 0 0 0 1 2 8 6
S O : 0 0 0 1 5 8 2
S O : 0 0 0 1 7 0 7
S O : 0 0 0 0 5 9 9
S O : 0 0 0 1 2 8 6
S O : 0 0 0 1 5 8 2
S O : 0 0 0 1 7 0 7
S O : 0 0 0 0 5 9 9
S O : 1 0 0 0 0 6 7
S O : 1 0 0 0 0 6 7
S O : 0 0 0 0 1 9 0
S O : 1 0 0 0 0 6 7
S O : 1 0 0 0 0 6 7
S O : 1 0 0 0 0 6 7
S O : 0 0 0 0 5 6 3
S O : 0 0 0 0 3 5 9
S O : 1 0 0 0 0 6 7
S O : 0 0 0 1 1 3 7
S O : 0 0 0 1 7 3 8
S O : 1 0 0 0 0 6 7
S O : 0 0 0 1 3 0 0
S O : 0 0 0 0 7 3 9
S O : 0 0 0 1 7 3 8
S O : 1 0 0 0 0 6 7
S O : 0 0 0 0 9 1 3
S O : 0 0 0 1 7 0 0
S O : 0 0 0 1 7 3 8
S O : 0 0 0 1 7 3 8
S O : 0 0 0 0 5 6 3
S O : 0 0 0 0 4 8 4
S O : 0 0 0 1 7 3 8
S O : 1 0 0 0 0 6 7
S O : 0 0 0 0 8 2 9
S O : 0 0 0 0 5 6 3
S O : 1 0 0 0 0 6 7
S O : 0 0 0 1 7 3 8
S O : 1 0 0 0 0 6 7
S O : 0 0 0 0 1 9 0
S O : 0 0 0 1 7 0 0
S O : 0 0 0 1 7 3 8
S O : 0 0 0 0 1 9 0
S O : 0 0 0 0 5 6 3
S O : 1 0 0 0 0 6 7
S O : 0 0 0 0 5 6 3
S O : 0 0 0 0 1 9 0
S O : 0 0 0 0 1 9 0
S O : 1 0 0 0 0 6 7
S O : 1 0 0 0 0 6 7
S O : 0 0 0 0 7 1 7
S O : 0 0 0 0 3 5 9
S O : 0 0 0 0 3 5 9
S O : 1 0 0 0 0 6 7
S O : 1 0 0 0 0 6 7
S O : 1 0 0 0 0 6 7
S O : 1 0 0 0 0 6 7
S O : 1 0 0 0 0 6 7
S O : 1 0 0 0 0 6 7
S O : 1 0 0 0 0 6 7
S O : 1 0 0 0 0 6 7
S O : 0 0 0 1 3 0 0
S O : 1 0 0 0 0 6 7
S O : 0 0 0 1 3 2 2
S O : 0 0 0 1 3 0 0
S O : 0 0 0 1 3 0 0
S O : 1 0 0 0 0 6 7
S O : 0 0 0 1 3 0 0
S O : 0 0 0 1 3 0 0
S O : 1 0 0 0 0 6 7
S O : 1 0 0 0 0 6 7
S O : 0 0 0 0 7 9 7
S O : 0 0 0 5 8 5 5
S O : 1 0 0 0 0 6 7
S O : 1 0 0 0 0 6 7
S O : 1 0 0 0 0 6 7
S O : 1 0 0 0 0 6 7
S O : 1 0 0 0 0 6 7
S O : 0 0 0 0 5 6 3
S O : 1 0 0 0 0 6 7
S O : 0 0 0 1 3 0 0
S O : 1 0 0 0 0 6 7
S O : 1 0 0 0 0 6 7
S O : 0 0 0 0 5 0 6
S O : 1 0 0 0 0 6 7
S O : 1 0 0 0 0 6 7
S O : 0 0 0 1 1 4 5
S O : 0 0 0 1 1 4 5
S O : 0 0 0 1 1 4 5
S O : 0 0 0 1 1 3 7
S O : 0 0 0 2 0 3 9
S O : 1 0 0 0 0 6 7
S O : 0 0 0 0 5 0 6
S O : 0 0 0 0 5 0 6
S O : 0 0 0 2 0 3 9
S O : 0 0 0 0 5 0 6
S O : 1 0 0 0 0 6 7
S O : 0 0 0 1 3 0 0
S O : 1 0 0 0 0 6 7
S O : 1 0 0 0 0 6 7
S O : 0 0 0 1 3 0 0
S O : 1 0 0 0 0 6 7
S O : 0 0 0 1 3 0 0
S O : 0 0 0 0 9 1 3
S O : 0 0 0 0 9 1 3
S O : 0 0 0 1 1 3 7
S O : 0 0 0 1 0 7 2
S O : 0 0 0 0 9 1 3
S O : 0 0 0 0 5 0 6
S O : 0 0 0 0 5 0 6
S O : 0 0 0 1 1 4 2
S O : 1 0 0 0 0 6 7
S O : 0 0 0 0 9 1 3
S O : 0 0 0 0 5 0 6
S O : 0 0 0 0 5 0 6
S O : 0 0 0 0 5 0 6
S O : 1 0 0 0 0 6 7
S O : 0 0 0 0 5 0 6
S O : 1 0 0 0 0 6 7
S O : 1 0 0 0 0 6 7
S O : 1 0 0 0 0 6 7
S O : 1 0 0 0 0 6 7
S O : 1 0 0 0 0 6 7
S O : 1 0 0 0 0 6 7
S O : 1 0 0 0 0 6 7
S O : 0 0 0 0 1 7 2
S O : 0 0 0 1 3 0 0
S O : 0 0 0 0 7 9 7
S O : 0 0 0 0 5 0 6
S O : 0 0 0 2 0 3 9
S O : 1 0 0 0 0 6 7
S O : 0 0 0 0 7 9 7
S O : 0 0 0 0 5 0 6
S O : 1 0 0 0 0 6 7
S O : 0 0 0 0 5 0 6
S O : 1 0 0 0 0 6 7
S O : 0 0 0 0 5 0 6
S O : 1 0 0 0 0 6 7
S O : 0 0 0 0 5 0 6
S O : 1 0 0 0 0 6 7
S O : 0 0 0 1 1 4 5
S O : 0 0 0 0 9 1 3
S O : 0 0 0 0 8 1 1
S O : 0 0 0 0 9 1 3
S O : 0 0 0 1 1 3 7
S O : 0 0 0 0 8 1 1
S O : 0 0 0 0 8 1 1
S O : 0 0 0 1 1 3 7
S O : 0 0 0 1 1 3 7
S O : 0 0 0 0 8 1 1
S O : 0 0 0 0 7 3 9
S O : 0 0 0 1 1 3 7
S O : 0 0 0 1 1 3 7
S O : 0 0 0 1 3 8 8
S O : 0 0 0 1 1 3 7
S O : 0 0 0 2 0 3 9
S O : 0 0 0 1 3 0 0
S O : 0 0 0 1 1 4 5
S O : 0 0 0 0 5 0 6
S O : 0 0 0 1 3 8 8
S O : 1 0 0 0 0 6 7
S O : 1 0 0 0 0 6 7
S O : 0 0 0 1 1 3 7
S O : 0 0 0 1 0 7 2
S O : 0 0 0 0 9 1 3
S O : 0 0 0 0 9 1 3
S O : 0 0 0 1 1 3 7
S O : 0 0 0 0 5 0 6
S O : 0 0 0 0 5 0 6
S O : 0 0 0 1 3 0 0
S O : 0 0 0 1 1 3 7
S O : 1 0 0 0 0 6 7
S O : 0 0 0 1 3 0 0
S O : 0 0 0 0 4 8 4
S O : 0 0 0 1 3 0 0
S O : 0 0 0 0 4 8 4
S O : 0 0 0 0 5 6 3
S O : 0 0 0 5 8 5 5
S O : 0 0 0 0 8 2 9
S O : 0 0 0 0 5 6 3
S O : 0 0 0 0 8 2 9
S O : 0 0 0 0 4 8 4
S O : 0 0 0 0 5 6 3
S O : 0 0 0 0 5 6 3
S O : 0 0 0 1 6 2 1
S O : 0 0 0 1 7 3 8
S O : 0 0 0 1 7 3 8
S O : 1 0 0 0 0 6 7
S O : 0 0 0 1 7 3 8
S O : 0 0 0 0 1 7 2
S O : 0 0 0 0 8 1 1
S O : 0 0 0 0 8 1 1
S O : 0 0 0 1 1 4 5
S O : 0 0 0 0 8 1 1
S O : 1 0 0 0 0 3 8
S O : 0 0 0 0 7 9 7
S O : 0 0 0 2 0 3 9
S O : 0 0 0 0 5 0 6
S O : 0 0 0 0 7 9 7
S O : 0 0 0 0 9 1 3
S O : 0 0 0 1 1 3 7
S O : 0 0 0 0 5 0 6
S O : 0 0 0 2 0 3 9
S O : 0 0 0 0 8 1 1
S O : 0 0 0 0 5 0 6
S O : 0 0 0 0 5 6 3
S O : 0 0 0 0 5 0 6
S O : 0 0 0 0 5 0 6
S O : 0 0 0 0 1 7 2
S O : 0 0 0 0 5 0 6
S O : 0 0 0 0 7 9 7
S O : 0 0 0 0 8 1 1
S O : 0 0 0 0 5 0 6
S O : 0 0 0 0 8 1 1
S O : 0 0 0 0 8 1 1
S O : 0 0 0 0 8 1 1
S O : 0 0 0 0 8 1 1
S O : 0 0 0 0 8 1 1
S O : 0 0 0 0 8 1 1
S O : 0 0 0 0 8 1 1
S O : 0 0 0 0 5 0 6
S O : 0 0 0 0 5 6 3
S O : 0 0 0 0 8 1 1
S O : 0 0 0 0 8 1 1
S O : 0 0 0 0 5 0 6
S O : 1 0 0 0 0 6 7
S O : 0 0 0 0 5 0 6
S O : 0 0 0 2 0 3 9
S O : 0 0 0 2 0 3 9
S O : 1 0 0 0 0 6 7
S O : 0 0 0 0 5 0 6
S O : 0 0 0 1 3 0 0
S O : 0 0 0 0 8 1 1
S O : 0 0 0 1 1 3 7
S O : 0 0 0 0 8 1 1
S O : 0 0 0 0 5 0 6
S O : 0 0 0 1 7 3 8
S O : 1 0 0 0 0 6 7
S O : 0 0 0 0 1 7 2
S O : 0 1 0 0 0 0 8
S O : 0 0 0 2 0 4 6
S O : 0 0 0 1 3 0 0
S O : 0 0 0 0 9 1 3
S O : 0 0 0 5 8 5 5
S O : 0 0 0 0 9 1 3
S O : 0 0 0 0 5 0 6
S O : 0 0 0 0 1 7 2
S O : 0 0 0 0 8 1 1
S O : 0 0 0 0 6 8 4
S O : 0 0 0 0 5 0 6
S O : 0 0 0 0 5 0 6
S O : 1 0 0 0 0 6 7
S O : 0 0 0 0 8 1 1
S O : 1 0 0 0 0 6 7
S O : 1 0 0 0 0 6 7
S O : 1 0 0 0 0 6 7
S O : 1 0 0 0 0 6 7
S O : 0 0 0 0 8 1 1
S O : 0 0 0 0 6 8 4
S O : 0 0 0 0 5 0 6
S O : 0 0 0 0 8 1 1
S O : 0 0 0 0 8 1 1
S O : 0 0 0 0 8 1 1
S O : 1 0 0 0 0 6 7
S O : 0 0 0 5 8 5 5
S O : 1 0 0 0 1 1 7
S O : 1 0 0 0 0 6 7
S O : 1 0 0 0 0 6 7
S O : 1 0 0 0 0 6 7
S O : 1 0 0 0 1 1 7
S O : 1 0 0 0 0 6 7
S O : 1 0 0 0 0 6 7
S O : 0 0 0 0 7 1 7
S O : 0 0 0 0 7 1 7
S O : 1 0 0 0 0 6 7
S O : 1 0 0 0 0 6 7
S O : 1 0 0 0 0 6 7
S O : 1 0 0 0 1 1 7
S O : 0 0 0 1 3 0 0
S O : 1 0 0 0 1 1 7
S O : 0 0 0 0 5 6 3
S O : 1 0 0 0 0 6 7
S O : 0 0 0 0 5 6 3
S O : 0 0 0 1 7 3 8
S O : 1 0 0 0 0 6 7
S O : 0 0 0 0 0 7 5
S O : 0 0 0 0 1 7 2
S O : 1 0 0 0 0 6 7
S O : 0 0 0 1 3 5 0
S O : 0 0 0 1 7 3 8
S O : 0 0 0 0 0 7 5
S O : 0 0 0 0 1 7 2
S O : 0 0 0 0 7 9 7
S O : 0 0 0 0 5 9 9
S O : 0 0 0 0 5 6 3
S O : 0 0 0 0 5 9 9
S O : 0 0 0 0 5 9 9
S O : 0 0 0 0 5 9 9
S O : 0 0 0 0 5 9 9
S O : 0 0 0 0 5 6 3
S O : 0 0 0 0 5 6 3
S O : 0 0 0 0 5 9 9
S O : 0 0 0 0 5 9 9
S O : 0 0 0 0 5 9 9
S O : 0 0 0 0 7 9 7
S O : 0 0 0 0 5 9 9
S O : 0 0 0 0 5 9 9
S O : 0 0 0 0 5 9 9
S O : 0 0 0 0 5 9 9
S O : 0 0 0 0 5 9 9
S O : 0 0 0 0 5 9 9
S O : 0 0 0 0 5 9 9
S O : 0 0 0 0 5 9 9
S O : 0 0 0 0 5 9 9
S O : 0 0 0 0 5 9 9
S O : 1 0 0 0 0 6 7
S O : 0 0 0 0 1 7 2
S O : 0 0 0 0 0 7 5
S O : 0 0 0 1 7 3 8
S O : 1 0 0 0 0 6 7
S O : 0 0 0 0 1 7 2
S O : 0 0 0 0 7 9 7
S O : 0 0 0 0 5 0 6
S O : 0 0 0 2 0 3 9
S O : 0 0 0 1 3 5 0
S O : 0 0 0 1 3 0 0
S O : 0 0 0 0 1 7 2
S O : 0 0 0 0 5 6 3
S O : 0 0 0 1 7 3 8
S O : 0 0 0 0 5 6 3
S O : 0 0 0 0 5 0 6
S O : 0 0 0 0 5 6 3
S O : 0 0 0 0 5 9 9
S O : 0 0 0 0 7 9 7
S O : 0 0 0 0 5 6 3
S O : 0 0 0 0 5 9 9
S O : 0 0 0 0 5 9 9
S O : 0 0 0 0 5 9 9
S O : 0 0 0 0 5 9 9
S O : 0 0 0 0 5 9 9
S O : 0 0 0 0 5 9 9
S O : 0 0 0 0 5 9 9
S O : 0 0 0 0 5 9 9
S O : 0 0 0 0 5 9 9
S O : 0 0 0 1 7 3 8
S O : 0 0 0 0 1 7 2
S O : 0 0 0 1 7 3 8
S O : 1 0 0 0 0 6 7
S O : 1 0 0 0 0 6 7
S O : 1 0 0 0 0 6 7
S O : 1 0 0 0 0 6 7
S O : 1 0 0 0 1 1 7
S O : 0 0 0 0 5 6 3
S O : 0 0 0 0 5 6 3
S O : 1 0 0 0 0 6 7
S O : 1 0 0 0 0 6 7
S O : 1 0 0 0 1 1 7
S O : 0 0 0 0 5 6 3
S O : 1 0 0 0 0 1 1
S O : 1 0 0 0 0 6 7
S O : 1 0 0 0 0 6 7
S O : 1 0 0 0 0 6 7
S O : 0 0 0 0 5 6 3
S O : 0 0 0 0 5 6 3
S O : 1 0 0 0 1 1 7
S O : 1 0 0 0 0 6 7
S O : 0 0 0 0 7 1 7
S O : 0 0 0 0 7 1 7
S O : 0 0 0 0 1 9 0
S O : 1 0 0 0 0 6 7
S O : 1 0 0 0 0 6 7
S O : 1 0 0 0 0 6 7
S O : 0 0 0 1 3 0 0
S O : 0 0 0 1 7 3 8
S O : 1 0 0 0 0 6 7
S O : 0 0 0 1 3 0 0
S O : 0 0 0 0 1 7 2
S O : 0 0 0 0 8 2 9
S O : 0 0 0 1 7 3 8
S O : 1 0 0 0 0 6 7
S O : 0 0 0 2 0 3 9
S O : 1 0 0 0 0 3 8
S O : 0 0 0 0 1 7 2
S O : 0 0 0 0 8 2 9
S O : 0 0 0 1 7 3 8
S O : 1 0 0 0 0 6 7
S O : 0 0 0 5 8 5 5
S O : 0 0 0 1 3 0 0
S O : 1 0 0 0 0 6 7
S O : 0 0 0 1 3 0 0
S O : 0 0 0 5 8 5 5
S O : 0 0 0 0 1 0 0
S O : 0 0 0 0 5 6 3
S O : 0 0 0 0 5 9 9
S O : 0 0 0 0 5 9 9
S O : 0 0 0 0 5 9 9
S O : 0 0 0 0 7 1 7
S O : 1 0 0 0 0 6 7
S O : 1 0 0 0 0 6 7
S O : 0 0 0 0 1 0 0
S O : 0 0 0 0 5 9 9
S O : 0 0 0 0 5 6 3
S O : 0 0 0 2 0 4 6
S O : 0 0 0 1 7 3 8
S O : 0 0 0 0 1 7 2
S O : 0 0 0 0 9 1 3
S O : 0 0 0 5 8 5 5
S O : 0 0 0 0 5 6 3
S O : 0 0 0 0 5 6 3
S O : 0 0 0 0 5 9 9
S O : 0 0 0 0 5 9 9
S O : 0 0 0 0 7 1 7
S O : 0 0 0 0 5 6 3
S O : 1 0 0 0 0 6 7
S O : 0 0 0 0 0 1 0
S O : 0 0 0 0 0 1 0
S O : 0 0 0 0 3 5 9
S O : 1 0 0 0 0 6 7
S O : 0 0 0 1 9 7 5
S O : 0 0 0 0 5 6 3
S O : 0 0 0 0 5 6 3
S O : 1 0 0 0 1 0 9
S O : 0 0 0 1 6 4 3
S O : 0 0 0 0 5 6 3
S O : 0 0 0 0 5 6 3
S O : 0 0 0 0 5 6 3
S O : 1 0 0 0 0 6 7
S O : 0 0 0 0 5 6 3
S O : 0 0 0 0 5 6 3
S O : 1 0 0 0 0 6 7
S O : 0 0 0 2 0 3 9
S O : 1 0 0 0 0 6 7
S O : 1 0 0 0 0 6 7
S O : 1 0 0 0 0 6 7
S O : 0 0 0 2 0 3 9
S O : 1 0 0 0 0 6 7
S O : 0 0 0 1 6 4 3
S O : 0 0 0 0 5 6 3
S O : 0 0 0 0 5 6 3
S O : 0 0 0 0 8 1 1
S O : 0 0 0 0 8 1 1
S O : 0 0 0 0 5 6 3
S O : 0 0 0 0 0 7 5
S O : 0 0 0 0 1 7 2
S O : 0 0 0 0 5 6 3
S O : 1 0 0 0 0 6 7
S O : 0 0 0 2 0 3 9
S O : 0 0 0 0 5 6 3
S O : 0 0 0 0 5 6 3
S O : 0 0 0 0 5 6 3
S O : 0 0 0 0 5 6 3
S O : 0 0 0 0 5 6 3
S O : 1 0 0 0 0 6 7
S O : 1 0 0 0 0 6 7
S O : 0 0 0 0 5 6 3
S O : 0 0 0 0 5 6 3
S O : 0 0 0 2 0 3 9
S O : 0 0 0 0 5 6 3
S O : 0 0 0 0 5 6 3
S O : 0 0 0 0 5 6 3
S O : 0 0 0 0 5 6 3
S O : 0 0 0 0 5 6 3
S O : 0 0 0 0 5 6 3
S O : 0 0 0 0 5 6 3
S O : 0 0 0 0 5 6 3
S O : 0 0 0 0 5 6 3
S O : 0 0 0 0 5 6 3
S O : 0 0 0 0 5 6 3
S O : 0 0 0 0 5 6 3
S O : 0 0 0 1 9 7 5
S O : 0 0 0 0 3 5 9
S O : 1 0 0 0 0 6 7
S O : 0 0 0 0 6 6 5
S O : 1 0 0 0 0 6 7
S O : 1 0 0 0 0 6 7
S O : 1 0 0 0 0 6 7
S O : 1 0 0 0 0 6 7
S O : 0 0 0 0 6 6 5
S O : 1 0 0 0 0 6 7
S O : 0 0 0 0 5 6 3
S O : 0 0 0 0 5 6 3
S O : 0 0 0 0 5 6 3
S O : 0 0 0 2 0 3 9
S O : 0 0 0 0 5 6 3
S O : 0 0 0 0 5 6 3
S O : 1 0 0 0 0 6 7
S O : 1 0 0 0 0 6 7
S O : 1 0 0 0 0 6 7
S O : 0 0 0 1 7 3 8
S O : 1 0 0 0 0 3 8
S O : 0 0 0 0 1 0 0
S O : 0 0 0 2 0 3 9
S O : 1 0 0 0 0 6 7
S O : 0 0 0 1 1 3 7
S O : 0 0 0 1 6 4 3
S O : 0 0 0 0 0 7 5
S O : 0 0 0 0 1 7 2
S O : 0 0 0 5 8 5 5
S O : 0 0 0 0 8 1 1
S O : 1 0 0 0 0 3 8
S O : 0 0 0 0 9 1 3
S O : 0 0 0 1 1 3 7
S O : 0 0 0 0 5 6 3
S O : 0 0 0 0 5 6 3
S O : 0 0 0 0 9 1 3
S O : 0 0 0 0 5 6 3
S O : 0 0 0 1 1 3 7
S O : 0 0 0 0 5 6 3
S O : 0 0 0 0 0 1 0
S O : 0 0 0 0 0 1 0
S O : 0 0 0 0 8 1 1
S O : 0 0 0 0 8 1 1
S O : 0 0 0 0 5 6 3
S O : 0 0 0 1 7 3 8
S O : 0 0 0 1 3 0 0
S O : 1 0 0 0 0 6 7
S O : 0 0 0 2 0 3 9
S O : 0 0 0 0 5 6 3
S O : 0 0 0 0 8 1 1
S O : 0 0 0 0 1 7 2
S O : 0 0 0 0 8 1 1
S O : 0 0 0 1 3 0 0
S O : 0 0 0 0 5 6 3
S O : 0 0 0 0 5 6 3
S O : 0 0 0 0 5 6 3
S O : 0 0 0 0 5 6 3
S O : 0 0 0 0 5 6 3
S O : 0 0 0 0 5 6 3
S O : 0 0 0 0 5 6 3
S O : 0 0 0 0 5 6 3
S O : 1 0 0 0 0 6 7
S O : 1 0 0 0 0 6 7
S O : 1 0 0 0 0 6 7
S O : 0 0 0 1 3 0 0
S O : 0 0 0 0 4 3 7
S O : 0 0 0 0 9 5 7
S O : 0 0 0 0 9 5 7
S O : 0 0 0 0 9 5 7
S O : 1 0 0 0 0 6 7
S O : 0 0 0 0 9 5 7
S O : 1 0 0 0 0 6 7
S O : 0 0 0 0 9 5 7
S O : 0 0 0 0 9 5 7
S O : 0 0 0 0 9 5 7
S O : 0 0 0 0 9 5 7
S O : 0 0 0 0 4 3 7
S O : 0 0 0 0 9 5 7
S O : 1 0 0 0 0 6 7
S O : 0 0 0 0 9 5 7
S O : 1 0 0 0 0 6 7
S O : 1 0 0 0 0 6 7
S O : 0 0 0 0 9 5 7
S O : 1 0 0 0 0 6 7
S O : 1 0 0 0 0 6 7
S O : 1 0 0 0 0 6 7
S O : 1 0 0 0 0 6 7
S O : 1 0 0 0 0 6 7
S O : 0 0 0 1 3 0 0
S O : 0 0 0 0 3 8 7
S O : 1 0 0 0 0 6 7
S O : 0 0 0 0 9 5 7
S O : 0 0 0 0 9 5 7
S O : 1 0 0 0 0 6 7
S O : 0 0 0 0 9 5 7
S O : 0 0 0 1 3 0 0
S O : 0 0 0 1 3 0 0
S O : 0 0 0 0 7 9 4
S O : 0 0 0 1 3 0 0
S O : 0 0 0 0 4 8 4
S O : 0 0 0 0 7 9 4
S O : 0 0 0 0 7 9 4
S O : 0 0 0 0 4 8 4
S O : 0 0 0 1 3 0 0
S O : 0 0 0 1 6 2 1
S O : 0 0 0 1 3 0 0
S O : 0 0 0 0 9 5 7
S O : 0 0 0 0 7 9 4
S O : 0 0 0 0 7 9 4
S O : 0 0 0 1 3 0 0
S O : 0 0 0 0 9 5 7
S O : 0 0 0 0 9 5 7
S O : 0 0 0 0 7 9 4
S O : 0 0 0 0 4 3 7
S O : 0 0 0 0 4 3 7
S O : 0 0 0 0 9 5 7
S O : 0 0 0 0 9 5 7
S O : 0 0 0 0 4 3 7
S O : 0 0 0 0 4 3 7
S O : 0 0 0 0 7 9 4
S O : 0 0 0 0 4 3 7
S O : 0 0 0 0 9 5 7
S O : 0 0 0 0 9 5 7
S O : 0 0 0 0 4 3 7
S O : 0 0 0 0 9 5 7
S O : 1 0 0 0 0 6 7
S O : 0 0 0 1 3 0 0
S O : 0 0 0 0 9 5 7
S O : 0 0 0 1 3 0 0
S O : 0 0 0 0 9 5 7
S O : 0 0 0 0 9 5 7
S O : 0 0 0 1 3 0 0
S O : 0 0 0 0 9 5 7
S O : 0 0 0 0 7 9 4
S O : 0 0 0 0 9 5 7
S O : 0 0 0 0 9 5 7
S O : 0 0 0 0 9 5 7
S O : 0 0 0 0 9 5 7
S O : 0 0 0 0 7 9 4
S O : 0 0 0 0 9 5 7
S O : 0 0 0 0 9 5 7
S O : 0 0 0 0 9 5 7
S O : 0 0 0 0 9 5 7
S O : 0 0 0 0 4 3 7
S O : 0 0 0 0 4 3 7
S O : 0 0 0 0 4 3 7
S O : 0 0 0 0 9 5 7
S O : 0 0 0 0 9 5 7
S O : 0 0 0 0 7 9 4
S O : 0 0 0 0 7 9 4
S O : 0 0 0 0 4 3 7
S O : 0 0 0 0 4 3 7
S O : 0 0 0 0 7 9 4
S O : 0 0 0 0 9 5 7
S O : 0 0 0 0 4 3 7
S O : 0 0 0 0 4 3 7
S O : 0 0 0 0 4 3 7
S O : 0 0 0 0 9 5 7
S O : 0 0 0 0 9 5 7
S O : 0 0 0 0 4 3 7
S O : 0 0 0 0 4 3 7
S O : 0 0 0 0 9 5 7
S O : 1 0 0 0 0 6 7
S O : 0 0 0 0 9 5 7
S O : 1 0 0 0 0 6 7
S O : 1 0 0 0 0 6 7
S O : 1 0 0 0 0 6 7
S O : 0 0 0 0 8 8 2
S O : 1 0 0 0 0 6 7
S O : 1 0 0 0 0 6 7
S O : 1 0 0 0 0 6 7
S O : 0 0 0 0 9 5 7
S O : 1 0 0 0 0 6 7
S O : 1 0 0 0 0 6 7
S O : 1 0 0 0 0 6 7
S O : 1 0 0 0 0 6 7
S O : 1 0 0 0 0 6 7
S O : 0 0 0 0 9 5 7
S O : 0 0 0 0 9 5 7
S O : 0 0 0 0 9 5 7
S O : 0 0 0 0 9 5 7
S O : 0 0 0 0 9 5 7
S O : 0 0 0 0 9 5 7
S O : 0 0 0 0 9 5 7
S O : 0 0 0 0 9 5 7
S O : 0 0 0 0 9 5 7
S O : 0 0 0 0 9 5 7
S O : 0 0 0 0 9 5 7
S O : 0 0 0 0 4 3 7
S O : 0 0 0 0 5 6 3
S O : 0 0 0 0 9 5 7
S O : 0 0 0 0 4 3 7
S O : 0 0 0 0 9 5 7
S O : 0 0 0 0 9 5 7
S O : 1 0 0 0 0 6 7
S O : 1 0 0 0 0 6 7
S O : 0 0 0 0 9 5 7
S O : 1 0 0 0 0 6 7
S O : 0 0 0 0 9 5 7
S O : 1 0 0 0 0 6 7
S O : 0 0 0 0 9 5 7
S O : 1 0 0 0 0 6 7
S O : 1 0 0 0 0 6 7
S O : 1 0 0 0 0 6 7
S O : 0 0 0 0 9 5 7
S O : 1 0 0 0 0 6 7
S O : 1 0 0 0 0 6 7
S O : 0 0 0 0 9 5 7
S O : 1 0 0 0 0 6 7
S O : 1 0 0 0 0 6 7
S O : 1 0 0 0 0 6 7
S O : 1 0 0 0 0 6 7
S O : 0 0 0 0 2 2 2
S O : 0 0 0 0 9 5 7
S O : 0 0 0 0 9 5 7
S O : 0 0 0 0 4 3 7
S O : 0 0 0 0 9 5 7
S O : 1 0 0 0 0 6 7
S O : 1 0 0 0 0 6 7
S O : 0 0 0 0 9 5 7
S O : 0 0 0 0 6 6 5
S O : 0 0 0 1 9 7 5
S O : 0 0 0 0 3 5 9
S O : 1 0 0 0 0 6 7
S O : 0 0 0 0 6 6 5
S O : 0 0 0 0 3 5 9
S O : 0 0 0 0 6 6 5
S O : 0 0 0 0 6 6 5
S O : 0 0 0 1 9 7 5
S O : 0 0 0 0 3 5 9
S O : 0 0 0 0 6 6 5
S O : 0 0 0 5 8 4 1
S O : 0 0 0 0 6 6 5
S O : 1 0 0 0 0 6 7
S O : 1 0 0 0 0 6 7
S O : 0 0 0 0 4 8 4
S O : 0 0 0 0 0 7 4
S O : 0 0 0 0 4 8 4
S O : 0 0 0 1 1 3 7
S O : 1 0 0 0 0 6 7
S O : 0 0 0 0 0 7 4
S O : 0 0 0 0 9 1 3
S O : 0 0 0 1 6 2 1
S O : 0 0 0 0 9 1 3
S O : 1 0 0 0 1 0 9
S O : 0 0 0 0 9 1 3
S O : 0 0 0 0 9 1 3
S O : 0 0 0 1 1 3 7
S O : 0 0 0 0 9 1 3
S O : 0 0 0 0 9 1 3
S O : 0 0 0 0 3 5 9
S O : 0 0 0 2 0 3 9
S O : 1 0 0 0 0 6 7
S O : 1 0 0 0 0 6 7
S O : 0 0 0 0 7 3 8
S O : 1 0 0 0 0 6 7
S O : 0 0 0 5 8 4 1
S O : 0 0 0 0 3 4 9
S O : 0 0 0 0 3 4 9
S O : 0 0 0 1 9 7 5
S O : 0 0 0 0 0 7 4
S O : 0 0 0 0 1 9 0
S O : 1 0 0 0 1 6 1
S O : 1 0 0 0 1 1 7
S O : 0 0 0 0 0 7 4
S O : 0 0 0 1 3 0 0
S O : 0 0 0 1 7 3 8
S O : 1 0 0 0 1 1 7
S O : 1 0 0 0 0 6 7
S O : 1 0 0 0 0 6 7
S O : 0 0 0 0 2 1 5
S O : 1 0 0 0 1 0 9
S O : 0 0 0 1 7 3 8
S O : 1 0 0 0 0 6 7
S O : 0 0 0 0 0 7 4
S O : 0 0 0 0 3 4 9
S O : 0 0 0 1 9 7 5
S O : 0 0 0 0 7 3 8
S O : 1 0 0 0 0 6 7
S O : 0 0 0 1 7 3 8
S O : 1 0 0 0 1 6 1
S O : 0 0 0 0 6 3 2
S O : 0 0 0 0 7 3 8
S O : 0 0 0 1 3 0 0
S O : 0 0 0 1 9 7 5
S O : 0 0 0 0 1 9 0
S O : 0 0 0 1 7 3 8
S O : 1 0 0 0 0 6 7
S O : 1 0 0 0 0 6 7
S O : 1 0 0 0 0 6 7
S O : 0 0 0 1 9 7 5
S O : 0 0 0 0 6 6 5
S O : 0 0 0 1 9 7 5
S O : 0 0 0 0 3 5 9
S O : 0 0 0 0 3 5 9
S O : 0 0 0 0 3 5 9
S O : 0 0 0 0 3 5 9
S O : 0 0 0 0 7 1 7
S O : 0 0 0 0 3 5 9
S O : 0 0 0 0 1 9 0
S O : 0 0 0 0 9 1 3
S O : 0 0 0 1 1 4 5
S O : 0 0 0 1 1 4 5
S O : 0 0 0 1 1 4 5
S O : 0 0 0 0 3 5 9
S O : 0 0 0 1 1 4 5
S O : 0 0 0 1 1 4 5
S O : 0 0 0 1 1 4 5
S O : 0 0 0 1 1 4 5
S O : 0 0 0 1 1 4 5
S O : 0 0 0 1 1 4 5
S O : 0 0 0 1 1 4 5
S O : 0 0 0 0 3 5 9
S O : 0 0 0 1 1 4 5
S O : 0 0 0 1 1 4 5
S O : 0 0 0 1 1 4 5
S O : 0 0 0 1 1 4 5
S O : 0 0 0 1 1 4 5
S O : 0 0 0 1 1 4 5
S O : 0 0 0 1 1 4 5
S O : 0 0 0 1 1 4 5
S O : 0 0 0 1 1 4 5
S O : 0 0 0 1 1 4 5
S O : 0 0 0 1 1 4 5
S O : 0 0 0 1 1 4 5
S O : 0 0 0 1 1 4 5
S O : 0 0 0 0 3 5 9
S O : 0 0 0 0 3 5 9
S O : 0 0 0 0 3 5 9
S O : 0 0 0 0 3 5 9
S O : 0 0 0 0 9 1 3
S O : 0 0 0 0 9 1 3
S O : 1 0 0 0 1 1 7
S O : 0 0 0 0 0 7 5
S O : 0 0 0 0 8 8 2
S O : 0 0 0 0 8 8 2
S O : 0 0 0 0 7 1 7
S O : 0 0 0 0 3 5 9
S O : 1 0 0 0 0 6 7
S O : 1 0 0 0 0 6 7
S O : 1 0 0 0 0 6 7
S O : 0 0 0 0 8 8 2
S O : 0 0 0 0 8 8 2
S O : 1 0 0 0 0 1 1
S O : 0 0 0 1 1 4 5
S O : 0 0 0 0 8 8 2
S O : 0 0 0 1 9 7 5
S O : 0 0 0 0 3 5 9
S O : 0 0 0 0 9 1 3
S O : 0 0 0 1 7 3 8
S O : 1 0 0 0 1 1 7
S O : 1 0 0 0 0 6 7
S O : 0 0 0 1 3 0 0
S O : 0 0 0 1 7 3 8
S O : 0 0 0 0 7 9 2
S O : 0 0 0 0 7 9 2
S O : 1 0 0 0 1 0 9
S O : 1 0 0 0 1 1 6
S O : 0 0 0 1 7 6 1
S O : 0 0 0 0 3 5 9
S O : 0 0 0 0 3 5 9
S O : 0 0 0 0 3 5 9
S O : 0 0 0 0 3 5 9
S O : 0 0 0 0 9 1 3
S O : 0 0 0 0 9 1 3
S O : 0 0 0 1 1 4 5
S O : 0 0 0 0 9 1 3
S O : 0 0 0 1 1 4 5
S O : 0 0 0 1 1 4 5
S O : 0 0 0 0 9 1 3
S O : 0 0 0 0 9 1 3
S O : 0 0 0 0 9 1 3
S O : 0 0 0 0 9 1 3
S O : 0 0 0 0 9 1 3
S O : 1 0 0 0 0 6 7
S O : 1 0 0 0 0 6 7
S O : 1 0 0 0 0 6 7
S O : 1 0 0 0 0 6 7
S O : 0 0 0 0 0 1 0
S O : 0 0 0 0 0 1 0
S O : 0 0 0 5 8 4 1
S O : 1 0 0 0 0 6 7
S O : 0 0 0 5 8 4 1
S O : 1 0 0 0 0 6 7
S O : 1 0 0 0 0 6 7
S O : 1 0 0 0 0 6 7
S O : 0 0 0 0 5 6 3
S O : 1 0 0 0 0 6 7
S O : 0 0 0 0 5 6 3
S O : 1 0 0 0 0 6 7
S O : 0 0 0 0 1 7 2
S O : 1 0 0 0 0 6 7
S O : 0 0 0 0 5 6 3
S O : 1 0 0 0 0 6 7
S O : 0 0 0 0 5 6 3
S O : 0 0 0 0 0 7 5
S O : 0 0 0 0 3 5 9
S O : 0 0 0 1 7 3 8
S O : 0 0 0 1 7 3 8
S O : 1 0 0 0 0 6 7
S O : 0 0 0 0 1 7 2
S O : 0 0 0 0 3 5 9
S O : 0 0 0 1 5 0 9
S O : 0 0 0 0 5 6 3
S O : 0 0 0 0 7 9 7
S O : 0 0 0 2 0 3 9
S O : 0 0 0 0 7 9 7
S O : 0 0 0 0 7 9 7
S O : 0 0 0 0 5 6 3
S O : 0 0 0 0 5 6 3
S O : 0 0 0 0 4 8 4
S O : 0 0 0 0 7 9 7
S O : 0 0 0 1 7 3 8
S O : 0 0 0 0 7 9 7
S O : 0 0 0 0 5 6 3
S O : 0 0 0 0 5 6 3
S O : 0 0 0 0 5 6 3
S O : 1 0 0 0 0 6 7
S O : 0 0 0 0 7 9 7
S O : 0 0 0 0 1 0 0
S O : 0 0 0 0 1 7 2
S O : 0 0 0 1 7 3 8
S O : 0 0 0 0 3 5 9
S O : 0 0 0 1 7 3 8
S O : 0 0 0 1 7 3 8
S O : 0 0 0 5 8 5 5
S O : 0 0 0 0 0 7 5
S O : 1 0 0 0 0 5 9
S O : 1 0 0 0 0 6 7
S O : 0 0 0 0 4 8 4
S O : 0 0 0 0 4 8 4
S O : 0 0 0 1 7 3 8
S O : 0 0 0 0 8 2 9
S O : 0 0 0 0 5 6 3
S O : 0 0 0 0 8 2 9
S O : 0 0 0 0 5 6 3
S O : 0 0 0 1 7 3 8
S O : 0 0 0 0 7 9 7
S O : 0 0 0 0 7 9 7
S O : 0 0 0 0 5 6 3
S O : 0 0 0 0 5 6 3
S O : 0 0 0 0 7 9 7
S O : 0 0 0 1 7 3 8
S O : 0 0 0 0 7 9 7
S O : 0 0 0 0 5 6 3
S O : 0 0 0 0 7 9 7
S O : 0 0 0 0 5 6 3
S O : 0 0 0 1 7 3 8
S O : 0 0 0 0 7 9 7
S O : 1 0 0 0 0 6 7
S O : 1 0 0 0 0 6 7
S O : 0 0 0 0 5 6 3
S O : 0 0 0 0 5 6 3
S O : 1 0 0 0 0 6 7
S O : 0 0 0 0 5 6 3
S O : 1 0 0 0 0 6 7
S O : 1 0 0 0 0 6 7
S O : 1 0 0 0 0 6 7
S O : 1 0 0 0 0 6 7
S O : 1 0 0 0 0 6 7
S O : 1 0 0 0 0 6 7
S O : 0 0 0 0 5 6 3
S O : 1 0 0 0 0 6 7
S O : 1 0 0 0 0 6 7
S O : 0 0 0 0 5 6 3
S O : 0 0 0 0 5 6 3
S O : 0 0 0 0 0 7 4
S O : 0 0 0 1 3 0 0
S O : 0 0 0 0 0 7 4
S O : 0 0 0 0 1 0 0
S O : 0 0 0 1 7 3 8
S O : 0 0 0 1 1 3 7
S O : 0 0 0 0 1 7 2
S O : 1 0 0 0 0 5 9
S O : 1 0 0 0 0 5 9
S O : 0 0 0 5 8 5 5
S O : 0 0 0 1 7 3 8
S O : 0 0 0 0 1 7 2
S O : 1 0 0 0 0 5 9
S O : 1 0 0 0 0 5 9
S O : 0 0 0 5 8 5 5
S O : 0 0 0 1 7 3 8
S O : 0 0 0 1 1 3 7
S O : 0 0 0 0 1 7 2
S O : 0 0 0 1 1 3 7
S O : 1 0 0 0 0 6 7
S O : 0 0 0 0 1 7 2
S O : 1 0 0 0 0 5 9
S O : 1 0 0 0 0 5 9
S O : 0 0 0 1 1 3 7
S O : 0 0 0 0 1 0 0
S O : 0 0 0 0 7 9 7
S O : 0 0 0 0 4 8 4
S O : 0 0 0 0 1 7 2
S O : 0 0 0 0 1 7 2
S O : 0 0 0 0 4 8 4
S O : 0 0 0 0 0 7 5
S O : 0 0 0 0 1 7 2
S O : 0 0 0 0 5 6 3
S O : 0 0 0 0 4 8 4
S O : 0 0 0 5 8 5 5
S O : 0 0 0 5 8 5 5
S O : 0 0 0 1 7 5 8
S O : 0 0 0 5 8 5 5
S O : 0 0 0 0 7 9 7
S O : 0 0 0 0 7 9 7
S O : 0 0 0 0 5 6 3
S O : 0 0 0 0 5 6 3
S O : 0 0 0 0 5 6 3
S O : 0 0 0 0 7 9 7
S O : 0 0 0 0 5 6 3
S O : 0 0 0 0 5 6 3
S O : 0 0 0 0 5 6 3
S O : 0 0 0 0 5 6 3
S O : 0 0 0 0 7 9 7
S O : 0 0 0 0 7 9 7
S O : 0 0 0 0 7 9 7
S O : 0 0 0 0 7 9 7
S O : 0 0 0 0 4 8 4
S O : 0 0 0 0 5 9 9
S O : 0 0 0 1 5 8 2
S O : 0 0 0 0 4 8 4
S O : 0 0 0 0 0 7 5
S O : 0 0 0 0 1 7 2
S O : 0 0 0 0 4 8 4
S O : 0 0 0 0 1 7 2
S O : 0 0 0 1 2 8 6
S O : 0 0 0 0 5 6 3
S O : 0 0 0 0 4 8 4
S O : 0 0 0 0 5 9 9
S O : 0 0 0 1 5 8 2
S O : 0 0 0 0 4 8 4
S O : 0 0 0 0 5 9 9
S O : 0 0 0 1 5 8 2
S O : 0 0 0 1 2 8 6
S O : 0 0 0 0 5 6 3
S O : 0 0 0 0 7 9 7
S O : 0 0 0 0 5 6 3
S O : 1 0 0 0 1 0 9
S O : 0 0 0 0 3 5 9
S O : 0 0 0 0 7 9 7
S O : 0 0 0 0 7 9 7
S O : 0 0 0 0 5 6 3
S O : 0 0 0 0 8 2 9
S O : 0 0 0 1 7 3 8
S O : 0 0 0 0 4 8 4
S O : 0 0 0 1 1 3 7
S O : 0 0 0 0 4 8 4
S O : 0 0 0 0 4 8 4
S O : 0 0 0 0 0 7 5
S O : 0 0 0 1 7 3 8
S O : 0 0 0 0 1 9 0
S O : 0 0 0 0 1 9 0
S O : 1 0 0 0 0 6 7
S O : 0 0 0 1 7 3 8
S O : 0 0 0 0 1 9 0
S O : 0 0 0 0 2 8 3
S O : 0 0 0 2 0 3 9
S O : 1 0 0 0 0 6 7
S O : 0 0 0 1 3 0 0
S O : 1 0 0 0 0 6 7
S O : 0 0 0 0 1 9 0
S O : 1 0 0 0 0 6 7
S O : 0 0 0 2 0 3 9
S O : 0 0 0 0 3 5 9
S O : 0 0 0 0 5 6 3
S O : 0 0 0 0 3 5 9
S O : 0 0 0 0 3 5 9
S O : 0 0 0 0 3 5 9
S O : 0 0 0 1 7 3 8
S O : 1 0 0 0 0 6 7
S O : 0 0 0 0 3 5 9
S O : 0 0 0 0 1 9 0
S O : 0 0 0 0 1 9 0
S O : 0 0 0 1 3 0 0
S O : 0 0 0 0 0 7 4
S O : 0 0 0 1 3 7 3
S O : 0 0 0 1 3 0 0
S O : 0 0 0 1 7 3 8
S O : 0 0 0 1 3 0 0
S O : 0 0 0 1 3 0 0
S O : 0 0 0 1 9 7 5
S O : 0 0 0 1 7 3 8
S O : 0 0 0 0 7 1 6
S O : 0 0 0 1 3 7 3
S O : 0 0 0 0 0 7 4
S O : 0 0 0 0 0 7 4
S O : 0 0 0 2 0 7 2
S O : 0 0 0 1 7 3 8
S O : 1 0 0 0 0 6 7
S O : 0 0 0 0 0 7 4
S O : 0 0 0 1 3 7 3
S O : 0 0 0 1 3 0 0
S O : 0 0 0 0 4 8 4
S O : 0 0 0 0 5 9 9
S O : 0 0 0 1 5 8 2
S O : 0 0 0 1 3 0 0
S O : 0 0 0 1 7 3 8
S O : 0 0 0 0 3 0 6
S O : 0 0 0 1 3 0 0
S O : 0 0 0 1 7 3 8
S O : 0 0 0 0 4 8 4
S O : 0 0 0 0 5 9 9
S O : 0 0 0 1 5 8 2
S O : 0 0 0 0 5 9 9
S O : 0 0 0 1 5 8 2
S O : 0 0 0 0 4 8 4
S O : 0 0 0 0 5 9 9
S O : 0 0 0 0 5 9 9
S O : 0 0 0 1 5 8 2
S O : 0 0 0 1 5 8 2
S O : 0 0 0 0 5 9 9
S O : 0 0 0 1 5 8 2
S O : 0 0 0 1 6 2 1
S O : 0 0 0 1 7 3 8
S O : 0 0 0 1 7 3 8
S O : 1 0 0 0 0 6 7
S O : 0 0 0 0 4 8 4
S O : 0 0 0 1 6 2 1
S O : 0 0 0 0 4 8 4
S O : 0 0 0 0 1 0 0
S O : 0 0 0 1 1 3 7
S O : 0 0 0 1 7 3 8
S O : 0 0 0 5 8 5 5
S O : 0 0 0 0 0 7 4
S O : 0 0 0 0 4 8 4
S O : 0 0 0 0 5 9 9
S O : 0 0 0 1 5 8 2
S O : 0 0 0 0 5 9 9
S O : 0 0 0 1 5 8 2
S O : 0 0 0 1 7 3 8
S O : 1 0 0 0 1 1 7
S O : 1 0 0 0 1 1 7
S O : 0 0 0 5 8 5 5
S O : 0 0 0 0 8 3 6
S O : 0 0 0 0 1 0 0
S O : 0 0 0 1 3 0 0
S O : 0 0 0 0 4 8 4
S O : 0 0 0 0 1 9 0
S O : 0 0 0 0 1 9 0
S O : 0 0 0 1 3 0 0
S O : 0 0 0 1 7 3 8
S O : 0 0 0 1 7 3 8
S O : 0 0 0 1 7 3 8
S O : 0 0 0 1 7 3 8
S O : 0 0 0 1 7 3 8
S O : 0 0 0 0 8 8 2
S O : 0 0 0 0 1 9 0
S O : 0 0 0 1 7 3 8
S O : 0 0 0 1 7 3 8
S O : 0 0 0 1 7 3 8
S O : 0 0 0 1 7 3 8
S O : 0 0 0 1 7 0 7
S O : 0 0 0 1 7 3 8
S O : 0 0 0 1 7 3 8
S O : 0 0 0 2 1 1 5
S O : 0 0 0 0 4 8 4
S O : 0 0 0 2 0 3 9
S O : 0 0 0 1 7 3 8
S O : 0 0 0 1 7 3 8
S O : 0 0 0 1 7 3 8
S O : 0 0 0 1 7 3 8
S O : 0 0 0 0 7 5 3
S O : 0 0 0 1 7 3 8
S O : 0 0 0 1 7 3 8
S O : 0 0 0 0 4 8 3
S O : 0 0 0 1 7 3 8
S O : 0 0 0 2 0 3 9
S O : 0 0 0 1 7 3 8
S O : 0 0 0 0 1 9 0
S O : 0 0 0 1 7 0 0
S O : 0 0 0 0 1 9 0
S O : 0 0 0 0 3 5 9
S O : 0 0 0 1 7 3 8
S O : 0 0 0 2 0 3 9
S O : 0 0 0 0 1 9 0
S O : 0 0 0 0 3 5 9
S O : 0 0 0 2 0 3 9
S O : 0 0 0 1 3 0 0
S O : 0 0 0 1 7 3 8
S O : 0 0 0 0 8 2 9
S O : 0 0 0 1 9 7 5
S O : 0 0 0 1 7 3 8
S O : 0 0 0 0 3 0 6
S O : 0 0 0 1 3 0 0
S O : 0 0 0 0 3 0 6
S O : 0 0 0 1 3 0 0
S O : 0 0 0 0 8 2 9
S O : 0 0 0 1 7 3 8
S O : 0 0 0 2 0 3 9
S O : 0 0 0 1 7 3 8
S O : 0 0 0 0 1 9 0
S O : 0 0 0 1 7 3 8
S O : 0 0 0 0 3 5 9
S O : 0 0 0 1 7 3 8
S O : 1 0 0 0 1 1 7
S O : 1 0 0 0 1 1 7
S O : 0 0 0 1 7 3 8
S O : 0 0 0 0 5 6 3
S O : 0 0 0 1 7 3 8
S O : 0 0 0 1 7 3 8
S O : 0 0 0 1 7 3 8
S O : 0 0 0 1 7 3 8
S O : 0 0 0 1 7 3 8
S O : 0 0 0 1 7 3 8
S O : 0 0 0 0 4 8 4
S O : 0 0 0 1 7 3 8
S O : 0 0 0 0 8 2 9
S O : 0 0 0 0 8 2 9
S O : 0 0 0 0 5 6 3
S O : 0 0 0 0 8 2 9
S O : 0 0 0 1 7 3 8
S O : 0 0 0 1 7 3 8
S O : 0 0 0 1 7 3 8
S O : 0 0 0 5 8 5 5
S O : 0 0 0 1 7 3 8
S O : 0 0 0 1 7 0 0
S O : 0 0 0 0 8 8 2
S O : 0 0 0 0 7 5 3
S O : 1 0 0 0 0 6 7
S O : 0 0 0 1 7 0 0
S O : 0 0 0 0 5 6 3
S O : 0 0 0 0 1 9 0
S O : 0 0 0 0 1 9 0
S O : 0 0 0 0 1 9 0
S O : 0 0 0 1 3 0 0
S O : 0 0 0 0 5 6 3
S O : 0 0 0 0 1 9 0
S O : 0 0 0 0 1 9 0
S O : 1 0 0 0 0 6 7
S O : 1 0 0 0 0 6 7
S O : 1 0 0 0 0 6 7
S O : 0 0 0 2 0 3 9
S O : 0 0 0 1 7 3 8
S O : 0 0 0 0 3 5 9
S O : 0 0 0 0 1 9 0
S O : 1 0 0 0 0 6 7
S O : 1 0 0 0 0 6 7
S O : 0 0 0 1 3 0 0
S O : 1 0 0 0 0 6 7
S O : 0 0 0 0 3 5 9
S O : 0 0 0 0 3 5 9
S O : 0 0 0 0 3 5 9
S O : 1 0 0 0 0 6 7
S O : 0 0 0 0 1 9 0
S O : 0 0 0 0 1 9 0
S O : 1 0 0 0 0 6 7
S O : 0 0 0 1 7 6 1
S O : 0 0 0 0 5 6 3
S O : 1 0 0 0 0 6 7
S O : 0 0 0 0 4 8 4
S O : 0 0 0 0 3 5 9
S O : 0 0 0 0 1 9 0
S O : 0 0 0 0 3 5 9
S O : 0 0 0 0 3 5 9
S O : 0 0 0 1 7 3 8
S O : 0 0 0 0 4 8 8
S O : 0 0 0 0 2 1 5
S O : 0 0 0 1 7 3 8
S O : 0 0 0 1 7 3 8
S O : 0 0 0 1 7 0 7
S O : 0 0 0 1 7 6 9
S O : 0 0 0 1 2 8 6
S O : 0 0 0 1 5 8 2
S O : 0 0 0 1 7 3 8
S O : 1 0 0 0 1 1 7
S O : 0 0 0 0 4 8 4
S O : 0 0 0 0 5 9 9
S O : 0 0 0 1 5 8 2
S O : 0 0 0 0 8 2 9
S O : 0 0 0 0 4 8 4
S O : 0 0 0 0 5 9 9
S O : 0 0 0 1 5 8 2
S O : 0 0 0 0 8 2 9
S O : 0 0 0 0 4 8 4
S O : 0 0 0 0 8 2 9
S O : 0 0 0 0 8 8 2
S O : 0 0 0 2 0 3 9
S O : 0 0 0 1 9 1 6
S O : 0 0 0 2 0 3 9
S O : 0 0 0 1 9 1 6
S O : 0 0 0 0 8 8 2
S O : 0 0 0 1 7 3 8
S O : 0 0 0 1 7 3 8
S O : 0 0 0 1 7 3 8
S O : 0 0 0 0 3 7 2
S O : 0 0 0 1 7 3 8
S O : 0 0 0 0 1 9 0
S O : 0 0 0 0 3 5 9
S O : 0 0 0 0 1 9 0
S O : 0 0 0 0 3 5 9
S O : 0 0 0 1 7 3 8
S O : 0 0 0 1 7 3 8
S O : 0 0 0 5 8 5 5
S O : 0 0 0 1 7 3 8
S O : 0 0 0 1 7 0 0
S O : 0 0 0 0 3 5 9
S O : 0 0 0 0 3 5 9
S O : 0 0 0 0 3 5 9
S O : 0 0 0 1 3 0 0
S O : 1 0 0 0 1 1 7
S O : 1 0 0 0 0 6 9
S O : 0 0 0 0 5 9 9
S O : 1 0 0 0 0 6 9
S O : 0 0 0 1 5 8 2
S O : 1 0 0 0 0 6 9
S O : 0 0 0 0 5 9 9
S O : 0 0 0 1 5 8 2
S O : 0 0 0 0 5 6 3
S O : 0 0 0 0 4 8 4
S O : 0 0 0 1 7 3 8
S O : 0 0 0 1 6 2 1
S O : 0 0 0 0 3 1 1
S O : 0 0 0 1 7 3 8
S O : 0 0 0 1 7 3 8
S O : 0 0 0 1 7 3 8
S O : 0 0 0 5 8 5 5
S O : 0 0 0 0 7 5 3
S O : 0 0 0 1 7 0 0
S O : 0 0 0 0 5 6 3
S O : 0 0 0 0 5 6 3
S O : 0 0 0 0 1 7 2
S O : 0 0 0 0 1 7 2
S O : 1 0 0 0 1 1 7
S O : 0 0 0 0 0 7 5
S O : 0 0 0 1 7 3 8
S O : 1 0 0 0 0 6 7
S O : 0 0 0 0 5 6 3
S O : 0 0 0 0 1 7 2
S O : 0 0 0 0 5 6 3
S O : 0 0 0 0 7 9 7
S O : 1 0 0 0 0 6 7
S O : 0 0 0 0 3 5 9
S O : 0 0 0 0 5 6 3
S O : 0 0 0 0 0 7 5
S O : 0 0 0 1 7 3 8
S O : 0 0 0 0 1 7 2
S O : 0 0 0 1 7 3 8
S O : 0 0 0 0 1 7 2
S O : 0 0 0 0 1 0 0
S O : 0 0 0 0 2 7 2
S O : 0 0 0 1 7 3 8
S O : 0 0 0 5 8 5 5
S O : 0 0 0 0 2 7 2
S O : 1 0 0 0 0 6 7
S O : 0 0 0 1 7 3 8
S O : 1 0 0 0 0 5 9
S O : 0 0 0 0 0 7 5
S O : 1 0 0 0 0 6 7
S O : 0 0 0 2 0 4 6
S O : 0 0 0 0 1 0 0
S O : 0 0 0 0 5 6 3
S O : 0 0 0 0 1 0 0
S O : 0 0 0 0 1 7 2
S O : 0 0 0 1 3 0 0
S O : 0 0 0 0 1 0 0
S O : 0 0 0 0 1 7 2
S O : 0 0 0 5 8 5 5
S O : 0 0 0 0 1 7 2
S O : 0 0 0 0 5 6 3
S O : 0 0 0 0 1 7 2
S O : 0 0 0 0 5 6 3
S O : 0 0 0 0 5 6 3
S O : 0 0 0 5 8 5 5
S O : 0 0 0 0 1 7 2
S O : 0 0 0 5 8 5 5
S O : 1 0 0 0 0 5 9
S O : 0 0 0 0 1 7 2
S O : 1 0 0 0 0 6 7
S O : 0 0 0 2 0 3 9
S O : 0 0 0 5 8 5 5
S O : 0 0 0 0 1 7 2
S O : 0 0 0 0 1 7 2
S O : 0 0 0 0 1 7 2
S O : 0 0 0 0 5 6 3
S O : 0 0 0 1 3 0 0
S O : 0 0 0 0 1 0 0
S O : 0 0 0 1 7 3 8
S O : 0 0 0 0 4 8 4
S O : 0 0 0 0 1 7 2
S O : 1 0 0 0 0 5 9
S O : 0 0 0 5 8 5 5
S O : 0 0 0 2 0 4 6
S O : 0 0 0 1 3 0 0
S O : 0 0 0 0 1 7 2
S O : 0 0 0 0 5 6 3
S O : 0 0 0 0 5 6 3
S O : 0 0 0 1 7 3 8
S O : 0 0 0 5 8 5 5
S O : 0 0 0 1 7 3 8
S O : 0 0 0 0 0 7 5
S O : 0 0 0 0 1 7 2
S O : 0 0 0 0 1 7 2
S O : 0 0 0 0 1 7 2
S O : 0 0 0 1 7 0 1
S O : 0 0 0 1 3 0 0
S O : 0 0 0 0 4 8 4
S O : 0 0 0 0 8 2 9
S O : 0 0 0 0 1 7 2
S O : 0 0 0 0 8 2 9
S O : 0 0 0 0 8 2 9
S O : 0 0 0 0 5 6 3
S O : 0 0 0 0 8 2 9
S O : 0 0 0 0 5 9 9
S O : 0 0 0 1 5 8 2
S O : 0 0 0 0 8 2 9
S O : 0 0 0 0 8 2 9
S O : 0 0 0 0 5 0 6
S O : 1 0 0 0 0 6 7
S O : 0 0 0 0 1 7 2
S O : 0 0 0 0 1 7 2
S O : 0 0 0 0 1 7 2
S O : 0 0 0 2 0 3 9
S O : 0 0 0 0 1 7 2
S O : 0 0 0 0 1 7 2
S O : 0 0 0 0 1 7 2
S O : 0 0 0 0 1 7 2
S O : 0 0 0 0 1 7 2
S O : 0 0 0 0 1 7 2
S O : 0 0 0 0 1 7 2
S O : 0 0 0 0 1 7 2
S O : 0 0 0 0 1 7 2
S O : 0 0 0 0 1 7 2
S O : 0 0 0 0 1 7 2
S O : 0 0 0 0 1 7 2
S O : 0 0 0 0 1 7 2
S O : 0 0 0 0 4 8 4
S O : 0 0 0 0 1 7 2
S O : 0 0 0 0 1 7 2
S O : 0 0 0 0 1 7 2
S O : 0 0 0 0 1 7 2
S O : 0 0 0 0 1 7 2
S O : 0 0 0 0 1 7 2
S O : 0 0 0 0 1 7 2
S O : 0 0 0 0 1 7 2
S O : 0 0 0 0 1 7 2
S O : 0 0 0 0 1 7 2
S O : 0 0 0 0 1 7 2
S O : 1 0 0 0 0 6 7
S O : 0 0 0 0 1 7 2
S O : 0 0 0 0 1 7 2
S O : 0 0 0 0 1 7 2
S O : 0 0 0 0 1 7 2
S O : 0 0 0 2 0 3 9
S O : 0 0 0 0 1 7 2
S O : 0 0 0 0 1 7 2
S O : 0 0 0 0 1 7 2
S O : 0 0 0 0 1 7 2
S O : 0 0 0 0 1 7 2
S O : 0 0 0 0 1 7 2
S O : 0 0 0 0 1 7 2
S O : 0 0 0 0 5 6 3
S O : 0 0 0 0 1 7 2
S O : 0 0 0 0 1 7 2
S O : 0 0 0 0 1 7 2
S O : 0 0 0 0 5 6 3
S O : 0 0 0 0 5 6 3
S O : 0 0 0 1 3 0 0
S O : 0 0 0 0 1 7 2
S O : 0 0 0 0 1 7 2
S O : 0 0 0 0 5 0 6
S O : 0 0 0 0 1 7 2
S O : 0 0 0 0 1 7 2
S O : 0 0 0 0 1 7 2
S O : 0 0 0 0 1 7 2
S O : 0 0 0 0 9 1 3
S O : 0 0 0 0 0 7 4
S O : 0 0 0 0 0 7 4
S O : 0 0 0 1 3 0 0
S O : 0 0 0 0 9 1 3
S O : 0 0 0 1 3 0 0
S O : 0 0 0 1 7 3 8
S O : 0 0 0 1 1 3 7
S O : 0 0 0 5 8 5 5
S O : 0 0 0 0 9 1 3
S O : 0 0 0 5 8 5 5
S O : 0 0 0 0 1 7 2
S O : 0 0 0 0 1 7 2
S O : 0 0 0 0 9 1 3
S O : 0 0 0 0 4 8 4
S O : 0 0 0 0 8 2 9
S O : 1 0 0 0 1 1 7
S O : 1 0 0 0 1 1 7
S O : 0 0 0 5 8 5 5
S O : 0 0 0 0 1 7 2
S O : 0 0 0 0 1 7 2
S O : 0 0 0 5 8 5 5
S O : 0 0 0 0 4 8 4
S O : 0 0 0 0 8 2 9
S O : 0 0 0 0 8 2 9
S O : 1 0 0 0 1 1 7
S O : 0 0 0 5 8 5 5
S O : 1 0 0 0 1 1 7
S O : 0 0 0 0 1 0 0
S O : 0 0 0 1 0 5 4
S O : 0 0 0 0 1 0 0
S O : 0 0 0 0 5 6 3
S O : 0 0 0 0 1 7 2
S O : 0 0 0 0 1 7 2
S O : 0 0 0 0 1 7 2
S O : 0 0 0 5 8 5 5
S O : 0 0 0 0 5 0 6
S O : 0 0 0 0 1 7 2
S O : 0 0 0 0 1 7 2
S O : 0 0 0 0 1 7 2
S O : 0 0 0 0 1 7 2
S O : 0 0 0 0 5 0 6
S O : 0 0 0 0 4 8 4
S O : 0 0 0 0 5 9 9
S O : 0 0 0 1 5 8 2
S O : 0 0 0 0 4 8 4
S O : 0 0 0 0 5 9 9
S O : 0 0 0 1 5 8 2
S O : 0 0 0 0 1 0 0
S O : 0 0 0 0 9 1 3
S O : 0 0 0 0 9 1 3
S O : 1 0 0 0 0 6 7
S O : 1 0 0 0 0 6 7
S O : 1 0 0 0 0 6 7
S O : 1 0 0 0 0 6 7
S O : 1 0 0 0 0 6 7
S O : 0 0 0 1 7 3 8
S O : 1 0 0 0 1 1 7
S O : 0 0 0 0 6 0 6
S O : 1 0 0 0 0 6 7
S O : 0 0 0 0 1 0 0
S O : 0 0 0 1 7 3 8
S O : 0 0 0 0 0 7 5
S O : 0 0 0 0 5 6 3
S O : 1 0 0 0 0 6 7
S O : 0 0 0 0 3 5 9
S O : 0 0 0 0 1 8 3
S O : 1 0 0 0 0 6 7
S O : 1 0 0 0 0 6 7
S O : 0 0 0 1 7 3 8
S O : 0 0 0 0 5 6 3
S O : 0 0 0 0 1 8 0
S O : 0 0 0 0 4 8 3
S O : 0 0 0 2 0 3 9
S O : 0 0 0 0 1 7 2
S O : 0 0 0 0 7 9 7
S O : 0 0 0 5 8 5 5
S O : 0 0 0 1 7 3 8
S O : 0 0 0 0 8 2 9
S O : 0 0 0 0 8 2 9
S O : 0 0 0 0 1 3 9
S O : 0 0 0 1 7 3 8
S O : 0 0 0 0 3 7 2
S O : 0 0 0 1 7 3 8
S O : 0 0 0 0 5 6 3
S O : 0 0 0 0 5 6 3
S O : 0 0 0 1 3 0 0
S O : 0 0 0 0 5 6 3
S O : 0 0 0 0 5 6 3
S O : 0 0 0 1 3 0 0
S O : 0 0 0 0 5 6 3
S O : 0 0 0 1 7 3 8
S O : 1 0 0 0 0 6 7
S O : 1 0 0 0 0 6 7
S O : 0 0 0 1 7 3 8
S O : 0 0 0 0 4 8 4
S O : 0 0 0 1 0 0 9
S O : 0 0 0 0 4 8 4
S O : 0 0 0 0 8 8 2
S O : 0 0 0 0 8 8 2
S O : 0 0 0 0 4 8 4
S O : 0 0 0 1 0 0 9
S O : 0 0 0 0 8 8 2
S O : 0 0 0 0 4 8 4
S O : 0 0 0 1 0 0 9
S O : 0 0 0 0 8 8 2
S O : 0 0 0 5 8 5 5
S O : 1 0 0 0 0 6 7
S O : 1 0 0 0 0 6 7
S O : 1 0 0 0 0 6 7
S O : 1 0 0 0 0 6 7
S O : 1 0 0 0 0 6 7
S O : 1 0 0 0 0 6 7
S O : 0 0 0 1 7 3 8
S O : 0 0 0 0 8 8 2
S O : 0 0 0 0 1 7 4
S O : 0 0 0 0 2 6 9
S O : 0 0 0 0 3 5 9
S O : 0 0 0 0 3 5 9
S O : 0 0 0 0 3 5 9
S O : 1 0 0 0 0 6 7
S O : 0 0 0 0 1 0 0
S O : 0 0 0 0 4 8 4
S O : 0 0 0 0 8 2 9
S O : 0 0 0 1 3 0 0
S O : 0 0 0 1 3 0 0
S O : 0 0 0 0 0 7 4
S O : 0 0 0 0 0 7 4
S O : 1 0 0 0 1 1 7
S O : 0 0 0 1 7 3 8
S O : 0 0 0 0 6 0 6
S O : 0 0 0 1 7 3 8
S O : 0 0 0 0 0 7 4
S O : 0 0 0 1 3 0 0
S O : 0 0 0 1 3 7 3
S O : 0 0 0 0 1 0 0
S O : 0 0 0 1 7 3 8
S O : 1 0 0 0 0 6 7
S O : 0 0 0 1 7 3 8
S O : 0 0 0 0 1 7 2
S O : 0 0 0 0 7 9 7
S O : 0 0 0 5 8 5 5
S O : 0 0 0 5 8 5 5
S O : 0 0 0 0 1 0 0
S O : 0 0 0 0 5 6 3
S O : 1 0 0 0 0 6 7
S O : 0 0 0 0 4 8 4
S O : 0 0 0 0 5 6 3
S O : 0 0 0 1 3 0 0
S O : 0 0 0 0 4 8 4
S O : 0 0 0 2 1 1 5
S O : 0 0 0 0 4 8 4
S O : 0 0 0 0 8 2 9
S O : 0 0 0 0 5 6 3
S O : 0 0 0 0 4 8 4
S O : 0 0 0 2 1 1 5
S O : 0 0 0 0 4 8 4
S O : 0 0 0 0 8 2 9
S O : 0 0 0 0 3 5 9
S O : 0 0 0 0 8 8 2
S O : 0 0 0 0 4 8 4
S O : 0 0 0 0 8 8 2
S O : 0 0 0 0 4 8 4
S O : 0 0 0 1 7 0 7
S O : 0 0 0 1 7 3 8
S O : 0 0 0 1 2 8 6
S O : 0 0 0 1 7 3 8
S O : 0 0 0 0 8 2 9
S O : 0 0 0 0 4 8 4
S O : 0 0 0 1 7 0 7
S O : 0 0 0 1 7 3 8
S O : 0 0 0 1 2 8 6
S O : 0 0 0 1 7 3 8
S O : 0 0 0 0 8 2 9
S O : 0 0 0 0 8 8 2
S O : 0 0 0 1 7 0 7
S O : 0 0 0 1 2 8 6
S O : 0 0 0 0 8 2 9
S O : 0 0 0 0 8 8 2
S O : 0 0 0 1 7 0 7
S O : 0 0 0 1 2 8 6
S O : 0 0 0 0 8 2 9
S O : 0 0 0 0 8 8 2
S O : 0 0 0 1 7 0 7
S O : 0 0 0 1 2 8 6
S O : 0 0 0 0 8 2 9
S O : 0 0 0 0 1 0 0
S O : 0 0 0 0 0 7 4
S O : 0 0 0 0 1 0 0
S O : 0 0 0 0 1 0 0
S O : 0 0 0 1 1 3 7
S O : 0 0 0 0 1 3 9
S O : 0 0 0 0 8 8 7
S O : 0 0 0 1 7 3 8
S O : 1 0 0 0 0 6 7
S O : 1 0 0 0 0 6 7
S O : 1 0 0 0 0 6 7
S O : 0 0 0 1 3 2 2
S O : 0 0 0 1 3 2 2
S O : 0 0 0 1 3 2 2
S O : 0 0 0 1 3 2 2
S O : 0 0 0 1 1 3 7
S O : 1 0 0 0 0 6 7
S O : 0 0 0 1 3 2 2
S O : 1 0 0 0 0 6 7
S O : 1 0 0 0 0 6 7
S O : 0 0 0 1 3 2 2
S O : 1 0 0 0 0 6 7
S O : 1 0 0 0 0 6 7
S O : 0 0 0 2 0 3 9
S O : 1 0 0 0 0 6 7
S O : 1 0 0 0 0 6 7
S O : 0 0 0 1 1 3 7
S O : 0 0 0 0 5 0 6
S O : 1 0 0 0 0 6 7
S O : 0 0 0 1 1 3 7
S O : 1 0 0 0 0 6 7
S O : 0 0 0 1 1 3 7
S O : 1 0 0 0 0 6 7
S O : 1 0 0 0 0 6 7
S O : 1 0 0 0 0 6 7
S O : 1 0 0 0 0 6 7
S O : 0 0 0 1 1 3 7
S O : 1 0 0 0 0 6 7
S O : 1 0 0 0 0 6 7
S O : 1 0 0 0 0 6 7
S O : 1 0 0 0 0 6 7
S O : 0 0 0 1 3 2 2
S O : 0 0 0 1 3 2 2
S O : 0 0 0 1 3 2 2
S O : 1 0 0 0 0 6 7
S O : 1 0 0 0 0 6 7
S O : 1 0 0 0 0 6 7
S O : 1 0 0 0 0 6 7
S O : 1 0 0 0 0 6 7
S O : 1 0 0 0 0 6 7
S O : 1 0 0 0 0 6 7
S O : 1 0 0 0 0 6 7
S O : 0 0 0 1 3 2 2
S O : 0 0 0 1 3 2 2
S O : 1 0 0 0 0 6 7
S O : 1 0 0 0 0 6 7
S O : 0 0 0 1 3 2 2
S O : 1 0 0 0 0 6 7
S O : 1 0 0 0 0 3 8
S O : 0 0 0 1 3 2 2
S O : 0 0 0 1 1 3 7
S O : 0 0 0 1 1 3 7
S O : 1 0 0 0 0 6 7
S O : 0 0 0 0 5 0 6
S O : 0 0 0 2 0 3 9
S O : 0 0 0 2 0 3 9
S O : 1 0 0 0 0 6 7
S O : 0 0 0 1 3 2 2
S O : 0 0 0 1 1 3 7
S O : 1 0 0 0 0 6 7
S O : 1 0 0 0 0 6 7
S O : 1 0 0 0 0 6 7
S O : 0 0 0 0 5 0 6
S O : 0 0 0 1 3 2 2
S O : 0 0 0 1 3 2 2
S O : 1 0 0 0 0 6 7
S O : 0 0 0 1 3 2 2
S O : 1 0 0 0 0 6 7
S O : 0 0 0 1 1 3 7
S O : 1 0 0 0 0 6 7
S O : 0 0 0 1 1 3 7
S O : 0 0 0 0 5 0 6
S O : 1 0 0 0 0 6 7
S O : 0 0 0 0 8 1 1
S O : 0 0 0 0 8 1 1
S O : 1 0 0 0 0 3 8
S O : 0 0 0 0 7 9 2
S O : 0 0 0 0 7 5 3
S O : 0 0 0 0 8 1 1
S O : 0 0 0 1 3 2 2
S O : 0 0 0 1 1 3 7
S O : 1 0 0 0 0 6 7
S O : 0 0 0 1 3 2 2
S O : 1 0 0 0 0 6 7
S O : 1 0 0 0 0 6 7
S O : 1 0 0 0 0 6 7
S O : 0 0 0 1 6 4 3
S O : 0 0 0 1 7 3 8
S O : 1 0 0 0 0 6 7
S O : 1 0 0 0 0 6 7
S O : 1 0 0 0 0 6 7
S O : 0 0 0 1 3 2 2
S O : 1 0 0 0 1 1 7
S O : 1 0 0 0 0 6 7
S O : 0 0 0 1 7 3 8
S O : 0 0 0 0 8 1 1
S O : 0 0 0 0 5 7 9
S O : 1 0 0 0 0 6 7
S O : 0 0 0 0 7 9 2
S O : 0 0 0 0 8 1 1
S O : 0 0 0 0 8 1 1
S O : 0 0 0 2 0 5 2
S O : 0 0 0 1 6 4 3
S O : 0 0 0 1 1 3 7
S O : 1 0 0 0 0 6 7
S O : 1 0 0 0 0 6 7
S O : 1 0 0 0 0 6 7
S O : 1 0 0 0 0 6 7
S O : 0 0 0 5 8 5 5
S O : 0 0 0 1 3 2 2
S O : 0 0 0 1 1 3 7
S O : 0 0 0 0 5 0 6
S O : 0 0 0 1 3 2 2
S O : 0 0 0 0 3 3 5
S O : 1 0 0 0 0 6 7
S O : 0 0 0 1 3 0 0
S O : 0 0 0 5 8 5 5
S O : 0 0 0 1 3 2 2
S O : 0 0 0 1 1 3 7
S O : 1 0 0 0 0 6 7
S O : 0 0 0 5 8 5 5
S O : 0 0 0 1 3 2 2
S O : 1 0 0 0 0 6 7
S O : 0 0 0 1 3 2 2
S O : 0 0 0 5 8 5 5
S O : 0 0 0 0 8 1 1
S O : 0 0 0 5 8 5 5
S O : 1 0 0 0 0 6 7
S O : 0 0 0 1 7 3 8
S O : 1 0 0 0 0 6 7
S O : 0 0 0 0 4 8 4
S O : 1 0 0 0 0 6 7
S O : 1 0 0 0 0 6 7
S O : 0 0 0 1 7 3 8
S O : 1 0 0 0 0 6 7
S O : 1 0 0 0 0 6 7
S O : 1 0 0 0 0 6 7
S O : 0 0 0 1 1 3 7
S O : 1 0 0 0 0 6 7
S O : 0 0 0 0 5 0 6
S O : 1 0 0 0 0 6 7
S O : 0 0 0 1 3 2 2
S O : 0 0 0 1 1 3 7
S O : 0 0 0 0 5 0 6
S O : 0 0 0 1 3 0 0
S O : 0 0 0 0 5 0 6
S O : 0 0 0 1 3 2 2
S O : 0 0 0 0 5 0 6
S O : 1 0 0 0 0 6 7
S O : 0 0 0 1 3 2 2
S O : 0 0 0 1 3 2 2
S O : 0 0 0 1 3 2 2
S O : 0 0 0 1 3 2 2
S O : 1 0 0 0 0 6 7
S O : 0 0 0 1 3 2 2
S O : 0 0 0 1 3 2 2
S O : 0 0 0 1 3 2 2
S O : 0 0 0 1 3 2 2
S O : 0 0 0 1 3 2 2
S O : 0 0 0 1 3 2 2
S O : 0 0 0 1 3 0 0
S O : 1 0 0 0 0 6 7
S O : 0 0 0 1 3 2 2
S O : 0 0 0 0 8 2 9
S O : 0 0 0 1 3 1 0
S O : 0 0 0 1 3 2 2
S O : 0 0 0 0 5 0 6
S O : 0 0 0 0 0 7 5
S O : 1 0 0 0 0 6 7
S O : 1 0 0 0 0 6 7
S O : 0 0 0 0 1 7 2
S O : 0 0 0 1 1 3 7
S O : 0 0 0 0 0 7 5
S O : 1 0 0 0 0 6 7
S O : 0 0 0 1 1 3 7
S O : 1 0 0 0 0 6 7
S O : 1 0 0 0 0 6 7
S O : 0 0 0 0 5 0 6
S O : 0 0 0 1 3 2 2
S O : 1 0 0 0 0 6 7
S O : 0 0 0 1 3 2 2
S O : 0 0 0 1 3 2 2
S O : 0 0 0 1 3 0 0
S O : 0 0 0 1 3 0 0
S O : 0 0 0 1 3 2 2
S O : 0 0 0 1 3 0 0
S O : 1 0 0 0 0 6 7
S O : 0 0 0 0 4 8 4
S O : 0 0 0 1 3 2 2
S O : 1 0 0 0 0 6 7
S O : 0 0 0 1 1 3 7
S O : 1 0 0 0 0 6 7
S O : 1 0 0 0 0 6 7
S O : 1 0 0 0 0 6 7
S O : 1 0 0 0 1 1 7
S O : 1 0 0 0 0 6 7
S O : 1 0 0 0 1 1 7
S O : 0 0 0 1 3 9 7
S O : 0 0 0 0 4 8 4
S O : 0 0 0 1 7 3 8
S O : 1 0 0 0 0 6 7
S O : 0 0 0 0 8 1 1
S O : 0 0 0 1 7 3 8
S O : 0 0 0 0 8 1 1
S O : 0 0 0 2 0 7 7
S O : 0 0 0 0 8 8 2
S O : 0 0 0 0 8 8 2
S O : 0 0 0 0 8 8 2
S O : 1 0 0 0 0 6 7
S O : 0 0 0 1 7 3 8
S O : 0 0 0 0 8 8 2
S O : 0 0 0 2 0 3 9
S O : 0 0 0 0 5 0 6
S O : 1 0 0 0 0 6 7
S O : 0 0 0 1 1 3 7
S O : 0 0 0 2 0 3 9
S O : 0 0 0 0 5 0 6
S O : 0 0 0 0 5 0 6
S O : 1 0 0 0 0 6 7
S O : 0 0 0 1 3 2 2
S O : 0 0 0 0 5 0 6
S O : 0 0 0 1 3 2 2
S O : 0 0 0 1 3 2 2
S O : 0 0 0 1 3 2 2
S O : 1 0 0 0 0 6 7
S O : 1 0 0 0 0 6 7
S O : 0 0 0 0 3 5 9
S O : 1 0 0 0 0 6 7
S O : 1 0 0 0 0 6 7
S O : 1 0 0 0 0 6 7
S O : 0 0 0 1 7 3 8
S O : 0 0 0 0 1 9 0
S O : 0 0 0 0 4 8 4
S O : 0 0 0 1 7 3 8
S O : 0 0 0 0 0 7 5
S O : 0 0 0 0 8 8 2
S O : 1 0 0 0 0 6 7
S O : 0 0 0 0 8 1 1
S O : 0 0 0 0 8 8 2
S O : 1 0 0 0 0 6 7
S O : 0 0 0 1 3 2 2
S O : 1 0 0 0 0 6 7
S O : 0 0 0 1 3 2 2
S O : 1 0 0 0 0 6 7
S O : 0 0 0 2 0 5 2
S O : 0 0 0 0 8 1 1
S O : 1 0 0 0 0 6 7
S O : 1 0 0 0 0 6 7
S O : 0 0 0 1 3 2 2
S O : 1 0 0 0 0 6 7
S O : 0 0 0 1 1 3 7
S O : 1 0 0 0 0 6 7
S O : 1 0 0 0 0 6 7
S O : 1 0 0 0 0 6 7
S O : 1 0 0 0 0 6 7
S O : 0 0 0 0 5 0 6
S O : 1 0 0 0 0 6 7
S O : 0 0 0 1 3 2 2
S O : 1 0 0 0 0 6 7
S O : 0 0 0 1 1 3 7
S O : 1 0 0 0 0 6 7
S O : 0 0 0 2 0 3 9
S O : 0 0 0 0 5 0 6
S O : 0 0 0 1 1 3 7
S O : 0 0 0 1 3 2 2
S O : 0 0 0 1 3 2 2
S O : 0 0 0 1 3 0 0
S O : 0 0 0 1 3 0 0
S O : 0 0 0 1 3 2 2
S O : 0 0 0 1 3 0 0
S O : 0 0 0 1 3 2 2
S O : 1 0 0 0 0 6 7
S O : 0 0 0 1 1 3 7
S O : 1 0 0 0 0 6 7
S O : 0 0 0 1 1 3 7
S O : 1 0 0 0 0 6 7
S O : 1 0 0 0 0 6 7
S O : 1 0 0 0 0 6 7
S O : 1 0 0 0 0 6 7
S O : 1 0 0 0 0 6 7
S O : 0 0 0 1 1 3 7
S O : 1 0 0 0 0 6 7
S O : 1 0 0 0 0 3 8
S O : 0 0 0 0 9 1 3
S O : 1 0 0 0 0 6 7
S O : 0 0 0 1 1 3 7
S O : 1 0 0 0 0 6 7
S O : 0 0 0 1 1 3 7
S O : 1 0 0 0 0 6 7
S O : 0 0 0 0 8 1 1
S O : 1 0 0 0 0 6 7
S O : 1 0 0 0 0 6 7
S O : 0 0 0 1 1 3 7
S O : 0 0 0 0 8 1 1
S O : 0 0 0 0 8 1 1
S O : 1 0 0 0 0 6 7
S O : 0 0 0 0 8 1 1
S O : 1 0 0 0 0 6 7
S O : 0 0 0 1 3 6 6
S O : 1 0 0 0 0 6 7
S O : 1 0 0 0 0 6 7
S O : 0 0 0 1 3 2 2
S O : 0 0 0 1 3 0 0
S O : 1 0 0 0 0 6 7
S O : 0 0 0 1 3 2 2
S O : 0 0 0 1 3 2 2
S O : 0 0 0 0 9 1 3
S O : 1 0 0 0 0 6 7
S O : 0 0 0 1 3 2 2
S O : 0 0 0 1 3 0 0
S O : 0 0 0 1 3 0 0
S O : 0 0 0 1 5 4 6
S O : 0 0 0 1 0 6 8
S O : 1 0 0 0 0 6 7
S O : 0 0 0 1 0 6 8
S O : 0 0 0 2 0 3 9
S O : 1 0 0 0 0 6 7
S O : 1 0 0 0 0 6 7
S O : 0 0 0 0 5 0 6
S O : 1 0 0 0 0 6 7
S O : 0 0 0 1 3 2 2
S O : 1 0 0 0 0 6 7
S O : 0 0 0 1 1 3 7
S O : 1 0 0 0 0 6 7
S O : 1 0 0 0 0 6 7
S O : 0 0 0 2 0 3 9
S O : 1 0 0 0 0 6 7
S O : 1 0 0 0 0 6 7
S O : 0 0 0 1 3 2 2
S O : 0 0 0 1 1 3 7
S O : 0 0 0 1 3 0 0
S O : 1 0 0 0 0 6 7
S O : 0 0 0 0 5 0 6
S O : 1 0 0 0 0 6 7
S O : 0 0 0 0 5 0 6
S O : 1 0 0 0 0 6 7
S O : 0 0 0 1 3 2 2
S O : 0 0 0 1 1 3 7
S O : 0 0 0 0 4 8 4
S O : 1 0 0 0 0 6 7
S O : 0 0 0 1 1 3 7
S O : 0 0 0 1 7 3 8
S O : 0 0 0 1 7 3 8
S O : 0 0 0 0 7 9 2
S O : 0 0 0 0 7 5 3
S O : 0 0 0 0 9 1 3
S O : 0 0 0 0 4 8 4
S O : 0 0 0 0 8 2 9
S O : 0 0 0 1 1 0 0
S O : 0 0 0 0 9 1 3
S O : 0 0 0 1 9 1 9
S O : 0 0 0 0 9 1 3
S O : 0 0 0 0 1 7 2
S O : 0 0 0 0 8 2 9
S O : 0 0 0 0 1 7 2
S O : 0 0 0 0 1 7 2
S O : 0 0 0 0 1 7 2
S O : 0 0 0 0 1 7 2
S O : 0 0 0 1 3 2 2
S O : 0 0 0 1 1 3 7
S O : 0 0 0 0 1 7 2
S O : 0 0 0 0 1 7 2
S O : 0 0 0 0 1 7 2
S O : 0 0 0 0 8 2 9
S O : 0 0 0 1 5 0 8
S O : 1 0 0 0 0 6 7
S O : 0 0 0 0 1 7 2
S O : 0 0 0 0 1 7 2
S O : 1 0 0 0 0 1 9
S O : 1 0 0 0 0 3 8
S O : 1 0 0 0 0 6 7
S O : 0 0 0 0 1 7 2
S O : 0 0 0 0 1 7 2
S O : 1 0 0 0 0 6 7
S O : 0 0 0 0 9 1 3
S O : 0 0 0 0 4 8 4
S O : 0 0 0 0 4 8 4
S O : 0 0 0 0 4 8 4
S O : 0 0 0 0 4 8 4
S O : 0 0 0 0 8 2 9
S O : 0 0 0 0 9 1 3
S O : 1 0 0 0 0 1 6
S O : 0 0 0 1 3 2 2
S O : 1 0 0 0 0 1 6
S O : 0 0 0 1 1 4 2
S O : 0 0 0 0 9 1 3
S O : 0 0 0 0 0 7 4
S O : 0 0 0 1 3 0 0
S O : 0 0 0 0 8 2 9
S O : 0 0 0 1 6 4 3
S O : 0 0 0 0 8 2 9
S O : 0 0 0 0 8 2 9
S O : 0 0 0 1 3 2 2
S O : 0 0 0 1 3 0 0
S O : 0 0 0 1 3 0 0
S O : 0 0 0 1 1 3 7
S O : 1 0 0 0 0 6 7
S O : 0 0 0 0 5 0 6
S O : 1 0 0 0 0 6 7
S O : 1 0 0 0 0 6 7
S O : 1 0 0 0 0 6 7
S O : 1 0 0 0 0 6 7
S O : 1 0 0 0 0 6 7
S O : 0 0 0 0 4 5 5
S O : 1 0 0 0 0 6 7
S O : 0 0 0 1 7 3 8
S O : 1 0 0 0 0 6 7
S O : 0 0 0 1 3 0 0
S O : 0 0 0 1 3 9 7
S O : 0 0 0 0 4 8 4
S O : 0 0 0 1 3 2 2
S O : 1 0 0 0 0 6 7
S O : 0 0 0 1 1 3 7
S O : 0 0 0 1 1 3 7
S O : 1 0 0 0 0 6 7
S O : 1 0 0 0 0 6 7
S O : 1 0 0 0 0 6 7
S O : 0 0 0 1 3 2 2
S O : 1 0 0 0 0 6 7
S O : 0 0 0 1 1 3 7
S O : 1 0 0 0 0 6 7
S O : 0 0 0 0 8 1 1
S O : 0 0 0 0 6 8 4
S O : 0 0 0 1 4 2 3
S O : 0 0 0 0 6 8 4
S O : 0 0 0 2 0 5 2
S O : 0 0 0 1 7 3 8
S O : 0 0 0 1 3 2 2
S O : 0 0 0 1 1 3 7
S O : 0 0 0 0 9 1 3
S O : 1 0 0 0 0 6 7
S O : 0 0 0 1 3 2 2
S O : 0 0 0 1 3 2 2
S O : 1 0 0 0 0 6 7
S O : 0 0 0 1 3 2 2
S O : 0 0 0 1 3 2 2
S O : 1 0 0 0 0 6 7
S O : 1 0 0 0 0 6 7
S O : 1 0 0 0 0 6 7
S O : 1 0 0 0 0 6 7
S O : 0 0 0 1 7 3 8
S O : 0 0 0 0 8 1 1
S O : 1 0 0 0 0 6 7
S O : 0 0 0 0 1 9 0
S O : 1 0 0 0 0 6 7
S O : 0 0 0 0 5 0 6
S O : 1 0 0 0 0 6 7
S O : 1 0 0 0 0 6 7
S O : 0 0 0 1 7 3 8
S O : 0 0 0 0 8 1 1
S O : 0 0 0 5 8 5 5
S O : 1 0 0 0 0 6 7
S O : 0 0 0 0 5 0 6
S O : 0 0 0 0 8 2 9
S O : 0 0 0 0 4 8 4
S O : 1 0 0 0 0 6 7
S O : 0 0 0 1 3 2 2
S O : 0 0 0 1 3 2 2
S O : 1 0 0 0 0 6 7
S O : 1 0 0 0 0 6 7
S O : 0 0 0 0 1 7 2
S O : 1 0 0 0 0 6 7
S O : 1 0 0 0 0 6 7
S O : 0 0 0 2 0 3 9
S O : 0 0 0 0 5 6 3
S O : 0 0 0 0 3 5 9
S O : 0 0 0 0 3 5 9
S O : 0 0 0 0 3 5 9
S O : 0 0 0 0 3 5 9
S O : 0 0 0 0 3 5 9
S O : 0 0 0 0 3 5 9
S O : 0 0 0 0 3 5 9
S O : 0 0 0 0 5 6 3
S O : 0 0 0 0 3 5 9
S O : 1 0 0 0 0 6 7
S O : 0 0 0 0 5 0 6
S O : 0 0 0 0 5 0 6
S O : 1 0 0 0 0 6 7
S O : 0 0 0 0 5 0 6
S O : 0 0 0 0 5 0 6
S O : 0 0 0 0 5 0 6
S O : 0 0 0 0 5 0 6
S O : 1 0 0 0 0 6 7
S O : 1 0 0 0 0 6 7
S O : 1 0 0 0 0 6 7
S O : 1 0 0 0 0 6 7
S O : 1 0 0 0 0 6 7
S O : 0 0 0 0 0 9 8
S O : 1 0 0 0 0 6 7
S O : 0 0 0 0 3 5 9
S O : 0 0 0 0 3 5 9
S O : 1 0 0 0 0 6 7
S O : 1 0 0 0 0 6 7
S O : 0 0 0 0 3 5 9
S O : 0 0 0 0 3 5 9
S O : 0 0 0 0 5 6 3
S O : 0 0 0 5 8 5 5
S O : 0 0 0 1 6 1 7
S O : 0 0 0 1 7 0 0
S O : 1 0 0 0 0 6 7
S O : 0 0 0 0 4 8 4
S O : 0 0 0 0 5 9 9
S O : 0 0 0 1 5 8 2
S O : 0 0 0 0 4 8 4
S O : 0 0 0 0 5 6 3
S O : 0 0 0 0 5 6 3
S O : 0 0 0 0 1 7 2
S O : 0 0 0 1 1 3 7
S O : 0 0 0 0 5 0 6
S O : 0 0 0 0 5 0 6
S O : 0 0 0 0 5 0 6
S O : 0 0 0 1 1 3 7
S O : 0 0 0 1 1 3 7
S O : 0 0 0 1 1 3 7
S O : 0 0 0 0 1 7 2
S O : 0 0 0 0 5 6 3
S O : 1 0 0 0 0 6 7
S O : 0 0 0 0 5 6 3
S O : 0 0 0 0 9 1 3
S O : 0 0 0 0 9 1 3
S O : 0 0 0 0 5 0 6
S O : 0 0 0 0 5 0 6
S O : 0 0 0 0 5 0 6
S O : 1 0 0 0 0 6 7
S O : 1 0 0 0 0 6 7
S O : 1 0 0 0 0 6 7
S O : 1 0 0 0 0 6 7
S O : 1 0 0 0 0 6 7
S O : 1 0 0 0 0 6 7
S O : 1 0 0 0 0 6 7
S O : 1 0 0 0 0 6 7
S O : 1 0 0 0 0 6 7
S O : 1 0 0 0 0 6 7
S O : 1 0 0 0 0 6 7
S O : 1 0 0 0 0 6 7
S O : 1 0 0 0 0 6 7
S O : 1 0 0 0 0 6 7
S O : 1 0 0 0 0 6 7
S O : 0 0 0 1 3 0 0
S O : 1 0 0 0 0 6 7
S O : 0 0 0 0 3 5 9
S O : 1 0 0 0 0 6 7
S O : 0 0 0 1 3 0 0
S O : 0 0 0 0 7 9 4
S O : 0 0 0 0 4 1 0
S O : 0 0 0 0 3 5 9
S O : 1 0 0 0 0 6 7
S O : 0 0 0 0 4 1 0
S O : 0 0 0 0 3 5 9
S O : 0 0 0 0 3 5 9
S O : 0 0 0 0 3 5 9
S O : 0 0 0 0 8 5 5
S O : 0 0 0 0 5 6 3
S O : 0 0 0 0 1 9 0
S O : 0 0 0 0 8 8 2
S O : 0 0 0 0 1 9 0
S O : 0 0 0 0 1 9 0
S O : 0 0 0 0 3 5 9
S O : 1 0 0 0 0 6 7
S O : 0 0 0 0 1 9 0
S O : 1 0 0 0 0 6 7
S O : 0 0 0 1 1 4 2
S O : 0 0 0 0 3 5 9
S O : 0 0 0 0 3 5 9
S O : 0 0 0 0 4 3 0
S O : 0 0 0 0 3 5 9
S O : 0 0 0 2 0 3 9
S O : 0 0 0 0 3 5 9
S O : 0 0 0 0 3 5 9
S O : 0 0 0 1 1 5 7
S O : 0 0 0 0 3 5 9
S O : 0 0 0 0 3 5 9
S O : 0 0 0 0 5 6 3
S O : 0 0 0 0 1 9 0
S O : 0 0 0 0 5 6 3
S O : 0 0 0 0 8 8 2
S O : 0 0 0 0 1 9 0
S O : 0 0 0 0 1 9 0
S O : 1 0 0 0 0 6 7
S O : 1 0 0 0 0 6 7
S O : 1 0 0 0 0 6 7
S O : 0 0 0 0 3 5 9
S O : 1 0 0 0 0 6 7
S O : 1 0 0 0 0 6 7
S O : 1 0 0 0 0 6 7
S O : 1 0 0 0 0 6 7
S O : 1 0 0 0 0 6 7
S O : 1 0 0 0 0 6 7
S O : 0 0 0 1 3 0 0
S O : 1 0 0 0 0 6 7
S O : 1 0 0 0 0 6 7
S O : 1 0 0 0 0 6 7
S O : 0 0 0 2 1 6 3
S O : 1 0 0 0 0 6 7
S O : 1 0 0 0 0 6 7
S O : 1 0 0 0 0 6 7
S O : 0 0 0 1 7 3 8
S O : 1 0 0 0 0 6 7
S O : 1 0 0 0 0 6 7
S O : 0 0 0 0 4 8 4
S O : 0 0 0 1 7 0 7
S O : 0 0 0 1 7 0 7
S O : 0 0 0 1 2 8 6
S O : 1 0 0 0 0 6 7
S O : 0 0 0 0 1 7 2
S O : 1 0 0 0 0 6 7
S O : 0 0 0 0 0 7 5
S O : 0 0 0 1 7 3 8
S O : 0 0 0 0 5 6 3
S O : 0 0 0 0 5 6 3
S O : 0 0 0 0 5 0 6
S O : 0 0 0 1 7 3 8
S O : 0 0 0 0 5 6 3
S O : 1 0 0 0 1 0 9
S O : 0 0 0 1 7 3 8
S O : 0 0 0 1 3 1 0
S O : 0 0 0 1 3 1 0
S O : 1 0 0 0 0 6 7
S O : 1 0 0 0 0 6 7
S O : 0 0 0 0 1 9 0
S O : 1 0 0 0 0 6 7
S O : 1 0 0 0 0 6 7
S O : 1 0 0 0 0 6 7
S O : 1 0 0 0 0 6 7
S O : 0 0 0 2 0 3 9
S O : 1 0 0 0 0 6 7
S O : 1 0 0 0 0 6 7
S O : 0 0 0 0 5 6 3
S O : 0 0 0 0 5 6 3
S O : 0 0 0 0 5 6 3
S O : 0 0 0 0 5 6 3
S O : 1 0 0 0 0 6 7
S O : 1 0 0 0 0 6 7
S O : 0 0 0 0 5 6 3
S O : 0 0 0 0 5 6 3
S O : 0 0 0 0 5 6 3
S O : 1 0 0 0 0 6 7
S O : 0 0 0 0 5 6 3
S O : 1 0 0 0 0 6 7
S O : 1 0 0 0 0 6 7
S O : 0 0 0 0 5 6 3
S O : 1 0 0 0 0 6 7
S O : 0 0 0 0 5 6 3
S O : 1 0 0 0 0 6 7
S O : 1 0 0 0 0 6 7
S O : 1 0 0 0 0 6 7
S O : 1 0 0 0 0 6 7
S O : 1 0 0 0 0 6 7
S O : 0 0 0 0 5 6 3
S O : 0 0 0 0 0 9 8
S O : 0 0 0 0 5 6 3
S O : 0 0 0 0 5 6 3
S O : 0 1 0 0 0 2 1
S O : 0 1 0 0 0 2 1
S O : 0 1 0 0 0 2 1
S O : 0 1 0 0 0 2 1
S O : 0 1 0 0 0 2 1
S O : 0 1 0 0 0 2 1
S O : 0 1 0 0 0 2 1
S O : 0 1 0 0 0 2 1
S O : 0 0 0 1 6 4 3
S O : 0 1 0 0 0 2 1
S O : 1 0 0 0 0 6 7
S O : 1 0 0 0 0 6 7
S O : 1 0 0 0 0 6 7
S O : 1 0 0 0 0 6 7
S O : 0 1 0 0 0 2 1
S O : 0 1 0 0 0 2 1
S O : 0 1 0 0 0 2 1
S O : 0 1 0 0 0 2 1
S O : 0 0 0 0 5 6 3
S O : 0 0 0 0 0 9 8
S O : 0 0 0 1 7 3 8
S O : 0 0 0 0 5 6 3
S O : 1 0 0 0 0 6 7
S O : 0 0 0 1 6 4 3
S O : 0 0 0 1 7 3 8
S O : 0 1 0 0 0 2 1
S O : 0 1 0 0 0 2 1
S O : 1 0 0 0 0 6 7
S O : 0 0 0 0 8 8 2
S O : 0 1 0 0 0 2 1
S O : 0 1 0 0 0 2 1
S O : 1 0 0 0 1 2 5
S O : 0 0 0 0 8 8 2
S O : 0 0 0 0 8 8 2
S O : 0 0 0 0 8 8 2
S O : 0 1 0 0 0 2 1
S O : 0 0 0 0 5 6 3
S O : 1 0 0 0 0 6 7
S O : 0 0 0 1 7 3 8
S O : 1 0 0 0 0 6 7
S O : 1 0 0 0 0 6 7
S O : 0 0 0 0 5 6 3
S O : 0 0 0 0 0 9 8
S O : 0 0 0 0 5 6 3
S O : 1 0 0 0 0 6 7
S O : 0 0 0 0 8 8 2
S O : 0 1 0 0 0 2 1
S O : 1 0 0 0 0 6 7
S O : 1 0 0 0 0 6 7
S O : 0 0 0 1 3 0 0
S O : 1 0 0 0 0 6 7
S O : 0 1 0 0 0 2 1
S O : 0 1 0 0 0 2 1
S O : 0 1 0 0 0 2 1
S O : 0 1 0 0 0 2 1
S O : 0 1 0 0 0 2 1
S O : 0 1 0 0 0 2 1
S O : 0 1 0 0 0 2 1
S O : 0 1 0 0 0 2 1
S O : 0 0 0 0 5 6 3
S O : 0 0 0 0 0 9 8
S O : 0 0 0 0 5 6 3
S O : 0 0 0 0 5 6 3
S O : 0 0 0 1 7 3 8
S O : 0 0 0 0 5 6 3
S O : 0 0 0 0 5 6 3
S O : 1 0 0 0 0 6 7
S O : 1 0 0 0 0 6 7
S O : 1 0 0 0 0 6 7
S O : 1 0 0 0 0 6 7
S O : 1 0 0 0 0 6 7
S O : 1 0 0 0 0 6 7
S O : 0 0 0 0 5 6 3
S O : 1 0 0 0 0 6 7
S O : 0 0 0 0 5 6 3
S O : 1 0 0 0 0 6 7
S O : 0 1 0 0 0 2 1
S O : 0 1 0 0 0 2 1
S O : 0 1 0 0 0 2 1
S O : 0 0 0 1 1 3 7
S O : 0 0 0 0 9 1 3
S O : 0 1 0 0 0 2 1
S O : 0 1 0 0 0 2 1
S O : 0 1 0 0 0 2 1
S O : 1 0 0 0 0 6 7
S O : 0 1 0 0 0 2 1
S O : 0 1 0 0 0 2 1
S O : 1 0 0 0 0 6 7
S O : 1 0 0 0 0 6 7
S O : 1 0 0 0 0 6 7
S O : 1 0 0 0 0 6 7
S O : 0 1 0 0 0 2 1
S O : 0 1 0 0 0 2 1
S O : 1 0 0 0 0 6 7
S O : 0 0 0 0 5 6 3
S O : 0 0 0 0 5 6 3
S O : 0 0 0 1 3 0 0
S O : 0 0 0 2 1 0 4
S O : 1 0 0 0 0 6 7
S O : 0 0 0 1 7 3 8
S O : 0 0 0 1 3 0 0
S O : 0 0 0 1 3 0 0
S O : 1 0 0 0 0 6 7
S O : 1 0 0 0 0 6 7
S O : 1 0 0 0 0 6 7
S O : 0 1 0 0 0 2 1
S O : 0 1 0 0 0 2 1
S O : 0 1 0 0 0 2 1
S O : 0 1 0 0 0 2 1
S O : 0 1 0 0 0 2 1
S O : 0 1 0 0 0 2 1
S O : 0 1 0 0 0 2 1
S O : 0 0 0 0 9 1 8
S O : 0 0 0 0 1 1 1
S O : 0 1 0 0 0 2 1
S O : 0 1 0 0 0 2 1
S O : 0 1 0 0 0 2 1
S O : 0 1 0 0 0 2 1
S O : 0 1 0 0 0 2 1
S O : 0 1 0 0 0 2 1
S O : 0 1 0 0 0 2 1
S O : 1 0 0 0 0 6 7
S O : 0 1 0 0 0 2 1
S O : 0 1 0 0 0 2 1
S O : 0 1 0 0 0 2 1
S O : 0 1 0 0 0 2 1
S O : 0 1 0 0 0 2 1
S O : 0 1 0 0 0 2 1
S O : 0 1 0 0 0 2 1
S O : 0 1 0 0 0 2 1
S O : 0 1 0 0 0 2 1
S O : 0 0 0 0 5 6 3
S O : 1 0 0 0 0 6 7
S O : 0 1 0 0 0 2 1
S O : 0 0 0 0 1 9 0
S O : 0 0 0 0 1 9 0
S O : 0 0 0 0 1 9 0
S O : 0 0 0 0 1 9 0
S O : 0 0 0 0 1 9 0
S O : 1 0 0 0 0 6 7
S O : 0 0 0 0 1 9 0
S O : 0 0 0 0 1 9 0
S O : 0 0 0 0 1 9 0
S O : 1 0 0 0 0 6 7
S O : 0 0 0 0 1 9 0
S O : 0 0 0 0 1 9 0
S O : 0 0 0 0 1 9 0
S O : 1 0 0 0 0 6 7
S O : 0 0 0 0 1 9 0
S O : 0 0 0 0 1 9 0
S O : 1 0 0 0 0 6 7
S O : 0 0 0 0 1 9 0
S O : 1 0 0 0 0 6 7
S O : 1 0 0 0 0 6 7
S O : 0 0 0 0 1 9 0
S O : 1 0 0 0 0 6 7
S O : 1 0 0 0 0 6 7
S O : 1 0 0 0 0 6 7
S O : 1 0 0 0 0 6 7
S O : 1 0 0 0 0 6 7
S O : 0 0 0 1 8 3 1
S O : 1 0 0 0 0 6 7
S O : 1 0 0 0 0 6 7
S O : 1 0 0 0 0 6 7
S O : 1 0 0 0 0 6 7
S O : 1 0 0 0 0 6 7
S O : 1 0 0 0 0 6 7
S O : 1 0 0 0 0 6 7
S O : 1 0 0 0 0 6 7
S O : 1 0 0 0 0 6 7
S O : 0 0 0 0 1 9 0
S O : 0 0 0 0 1 9 0
S O : 0 0 0 0 1 9 0
S O : 0 0 0 0 1 9 0
S O : 1 0 0 0 0 6 7
S O : 1 0 0 0 0 6 7
S O : 0 0 0 0 1 9 0
S O : 0 0 0 0 1 9 0
S O : 0 0 0 0 1 9 0
S O : 1 0 0 0 0 6 7
S O : 1 0 0 0 0 6 7
S O : 1 0 0 0 0 6 7
S O : 1 0 0 0 0 6 7
S O : 0 0 0 0 1 9 0
S O : 0 0 0 1 7 3 8
S O : 1 0 0 0 0 6 7
S O : 1 0 0 0 0 6 7
S O : 1 0 0 0 0 6 7
S O : 1 0 0 0 0 6 7
S O : 1 0 0 0 0 6 7
S O : 1 0 0 0 0 6 7
S O : 1 0 0 0 0 6 7
S O : 1 0 0 0 0 6 7
S O : 1 0 0 0 0 6 7
S O : 1 0 0 0 0 6 7
S O : 1 0 0 0 0 6 7
S O : 1 0 0 0 0 6 7
S O : 1 0 0 0 0 6 7
S O : 1 0 0 0 0 6 7
S O : 1 0 0 0 0 6 7
S O : 0 0 0 0 3 5 9
S O : 0 0 0 0 3 5 9
S O : 1 0 0 0 0 6 7
S O : 1 0 0 0 0 6 7
S O : 0 0 0 1 1 3 3
S O : 0 0 0 0 3 5 9
S O : 0 0 0 1 7 0 0
S O : 0 0 0 5 8 5 5
S O : 0 0 0 5 8 5 5
S O : 0 0 0 1 3 0 0
S O : 0 0 0 0 4 8 4
S O : 0 0 0 0 4 8 4
S O : 0 0 0 0 4 8 4
S O : 0 0 0 2 1 1 5
S O : 0 0 0 0 4 8 4
S O : 1 0 0 0 0 6 7
S O : 0 0 0 0 5 6 3
S O : 1 0 0 1 2 4 7
S O : 0 0 0 0 5 6 3
S O : 0 0 0 0 5 6 3
S O : 0 0 0 5 8 5 5
S O : 0 0 0 1 7 3 8
S O : 0 0 0 2 0 4 6
S O : 1 0 0 0 0 6 7
S O : 1 0 0 0 1 0 9
S O : 0 0 0 0 7 9 7
S O : 0 0 0 5 8 5 5
S O : 0 0 0 0 0 6 7
S O : 0 0 0 1 7 3 8
S O : 0 0 0 0 0 6 7
S O : 0 0 0 1 7 3 8
S O : 0 0 0 0 1 7 2
S O : 0 0 0 5 8 5 5
S O : 0 0 0 0 4 8 4
S O : 0 0 0 0 5 6 3
S O : 0 0 0 1 3 0 0
S O : 0 0 0 1 6 2 1
S O : 0 0 0 0 8 2 9
S O : 1 0 0 0 0 6 7
S O : 1 0 0 0 0 6 7
S O : 1 0 0 0 0 6 7
S O : 1 0 0 0 0 6 7
S O : 1 0 0 0 0 6 7
S O : 1 0 0 0 0 6 7
S O : 1 0 0 0 0 6 7
S O : 1 0 0 0 0 6 7
S O : 1 0 0 0 0 6 7
S O : 1 0 0 0 0 6 7
S O : 1 0 0 0 0 6 7
S O : 1 0 0 0 0 6 7
S O : 1 0 0 0 0 6 7
S O : 1 0 0 0 0 6 7
S O : 1 0 0 0 0 6 7
S O : 1 0 0 0 0 6 7
S O : 1 0 0 0 0 6 7
S O : 0 0 0 0 2 8 3
S O : 0 0 0 0 6 6 5
S O : 0 0 0 0 6 6 5
S O : 1 0 0 0 0 6 7
S O : 1 0 0 0 0 6 7
S O : 0 0 0 0 5 0 6
S O : 0 0 0 0 5 0 6
S O : 0 0 0 0 5 0 6
S O : 0 0 0 0 5 0 6
S O : 0 0 0 0 5 6 3
S O : 0 0 0 0 5 6 3
S O : 1 0 0 0 0 6 7
S O : 1 0 0 0 0 6 7
S O : 1 0 0 0 0 6 7
S O : 0 0 0 0 5 0 6
S O : 0 0 0 1 3 0 0
S O : 1 0 0 0 1 1 7
S O : 1 0 0 0 0 6 7
S O : 0 0 0 0 5 0 6
S O : 1 0 0 0 1 1 7
S O : 0 0 0 1 7 3 8
S O : 0 0 0 0 5 0 6
S O : 0 0 0 0 8 8 2
S O : 0 0 0 0 5 0 6
S O : 1 0 0 0 0 6 7
S O : 0 0 0 1 3 0 0
S O : 1 0 0 0 0 6 7
S O : 1 0 0 0 0 6 7
S O : 1 0 0 0 0 6 7
S O : 1 0 0 0 0 6 7
S O : 0 0 0 0 5 0 6
S O : 1 0 0 0 0 6 7
S O : 0 0 0 0 5 6 3
S O : 0 0 0 0 5 0 6
S O : 0 0 0 1 7 4 1
S O : 0 0 0 0 5 0 6
S O : 0 1 0 0 0 0 8
S O : 1 0 0 0 1 1 7
S O : 1 0 0 0 0 6 7
S O : 0 0 0 0 5 0 6
S O : 0 0 0 0 5 0 6
S O : 0 0 0 0 5 0 6
S O : 0 0 0 0 5 0 6
S O : 0 0 0 1 3 0 0
S O : 0 0 0 1 1 4 2
S O : 0 0 0 0 5 0 6
S O : 0 0 0 0 5 0 6
S O : 1 0 0 0 1 1 7
S O : 0 0 0 0 5 0 6
S O : 0 0 0 1 1 4 2
S O : 0 0 0 1 3 6 6
S O : 0 0 0 0 5 0 6
S O : 0 0 0 1 7 3 8
S O : 0 0 0 1 9 1 1
S O : 0 0 0 1 7 3 8
S O : 0 0 0 1 7 3 8
S O : 1 0 0 0 1 1 7
S O : 1 0 0 0 0 6 7
S O : 1 0 0 0 0 6 7
S O : 0 0 0 1 6 4 3
S O : 0 0 0 1 7 3 8
S O : 0 0 0 1 7 3 8
S O : 0 0 0 0 2 1 5
S O : 0 0 0 0 8 8 2
S O : 0 0 0 0 8 8 2
S O : 0 0 0 0 8 8 2
S O : 1 0 0 0 0 3 8
S O : 0 0 0 2 1 1 5
S O : 0 0 0 2 1 1 5
S O : 1 0 0 0 0 6 7
S O : 0 0 0 0 8 8 2
S O : 0 0 0 0 8 8 2
S O : 1 0 0 0 0 6 7
S O : 0 0 0 0 8 8 2
S O : 1 0 0 0 0 6 7
S O : 1 0 0 0 0 6 7
S O : 0 0 0 0 8 8 2
S O : 1 0 0 0 0 6 7
S O : 1 0 0 0 0 6 7
S O : 1 0 0 0 0 3 8
S O : 0 0 0 0 8 8 2
S O : 1 0 0 0 0 6 7
S O : 1 0 0 0 0 6 7
S O : 1 0 0 0 0 6 7
S O : 1 0 0 0 0 6 7
S O : 1 0 0 0 0 6 7
S O : 0 0 0 0 8 8 2
S O : 0 0 0 0 8 8 2
S O : 0 0 0 0 5 0 6
S O : 0 0 0 1 7 7 6
S O : 1 0 0 0 0 6 7
S O : 1 0 0 0 0 6 7
S O : 0 0 0 0 8 8 2
S O : 1 0 0 0 0 6 7
S O : 0 0 0 0 8 8 2
S O : 0 0 0 0 8 8 2
S O : 1 0 0 0 0 6 7
S O : 0 0 0 0 8 8 2
S O : 1 0 0 0 0 6 7
S O : 1 0 0 0 0 6 7
S O : 1 0 0 0 0 6 7
S O : 1 0 0 0 0 6 7
S O : 0 0 0 1 4 1 9
S O : 0 0 0 1 1 3 7
S O : 0 0 0 0 5 0 6
S O : 0 0 0 0 5 0 6
S O : 0 0 0 1 1 4 2
S O : 0 0 0 1 3 0 0
S O : 0 0 0 0 5 0 6
S O : 0 0 0 1 3 0 0
S O : 0 0 0 1 1 3 7
S O : 0 0 0 1 1 3 7
S O : 0 0 0 0 4 8 4
S O : 0 0 0 0 4 8 4
S O : 0 0 0 1 1 3 7
S O : 0 0 0 1 1 3 7
S O : 0 0 0 1 3 0 0
S O : 1 0 0 0 1 1 7
S O : 1 0 0 0 0 6 7
S O : 0 0 0 1 3 6 6
S O : 0 0 0 0 5 0 6
S O : 0 0 0 0 5 0 6
S O : 0 0 0 0 4 8 4
S O : 1 0 0 0 1 1 7
S O : 0 0 0 0 4 8 4
S O : 0 0 0 1 1 4 2
S O : 0 0 0 0 5 6 3
S O : 0 0 0 0 4 8 4
S O : 0 0 0 0 5 6 3
S O : 0 0 0 0 5 6 3
S O : 0 0 0 0 4 8 4
S O : 0 0 0 0 4 8 4
S O : 0 0 0 0 8 2 9
S O : 0 0 0 0 5 6 3
S O : 0 0 0 0 4 8 4
S O : 0 0 0 0 8 2 9
S O : 0 0 0 0 5 6 3
S O : 0 0 0 0 8 8 7
S O : 0 0 0 1 1 4 2
S O : 0 0 0 0 8 8 2
S O : 0 0 0 0 4 8 4
S O : 0 0 0 1 7 3 8
S O : 0 0 0 0 5 9 9
S O : 0 0 0 1 7 3 8
S O : 0 0 0 1 5 8 2
S O : 1 0 0 0 0 6 7
S O : 0 0 0 0 8 8 2
S O : 0 0 0 0 8 8 2
S O : 0 0 0 1 7 3 8
S O : 0 0 0 0 7 9 2
S O : 0 0 0 1 7 3 8
S O : 0 0 0 1 7 0 0
S O : 0 0 0 0 8 8 2
S O : 0 0 0 1 7 3 8
S O : 0 0 0 0 7 9 2
S O : 0 0 0 0 7 9 2
S O : 1 0 0 0 0 6 7
S O : 0 0 0 0 8 8 2
S O : 0 0 0 0 8 8 2
S O : 1 0 0 0 1 1 7
S O : 1 0 0 0 0 6 7
S O : 1 0 0 0 0 6 7
